-2.000000e+00	1.310510e-03	4.662683e-04
-1.986987e+00	1.300584e-03	5.274034e-04
-1.973974e+00	1.300512e-03	5.955132e-04
-1.960961e+00	1.311030e-03	6.712605e-04
-1.947948e+00	1.332925e-03	7.553560e-04
-1.934935e+00	1.367040e-03	8.485604e-04
-1.921922e+00	1.414277e-03	9.516861e-04
-1.908909e+00	1.475598e-03	1.065599e-03
-1.895896e+00	1.552029e-03	1.191221e-03
-1.882883e+00	1.644658e-03	1.329531e-03
-1.869870e+00	1.754641e-03	1.481566e-03
-1.856857e+00	1.883199e-03	1.648423e-03
-1.843844e+00	2.031617e-03	1.831262e-03
-1.830831e+00	2.201245e-03	2.031304e-03
-1.817818e+00	2.393495e-03	2.249833e-03
-1.804805e+00	2.609838e-03	2.488199e-03
-1.791792e+00	2.851797e-03	2.747817e-03
-1.778779e+00	3.120944e-03	3.030166e-03
-1.765766e+00	3.418895e-03	3.336791e-03
-1.752753e+00	3.747298e-03	3.669304e-03
-1.739740e+00	4.107833e-03	4.029379e-03
-1.726727e+00	4.502197e-03	4.418757e-03
-1.713714e+00	4.932101e-03	4.839242e-03
-1.700701e+00	5.399267e-03	5.292702e-03
-1.687688e+00	5.905418e-03	5.781064e-03
-1.674675e+00	6.452280e-03	6.306317e-03
-1.661662e+00	7.041585e-03	6.870505e-03
-1.648649e+00	7.675074e-03	7.475731e-03
-1.635636e+00	8.354506e-03	8.124148e-03
-1.622623e+00	9.081673e-03	8.817961e-03
-1.609610e+00	9.858414e-03	9.559420e-03
-1.596597e+00	1.068663e-02	1.035082e-02
-1.583584e+00	1.156832e-02	1.119450e-02
-1.570571e+00	1.250557e-02	1.209283e-02
-1.557558e+00	1.350059e-02	1.304820e-02
-1.544545e+00	1.455572e-02	1.406306e-02
-1.531532e+00	1.567342e-02	1.513985e-02
-1.518519e+00	1.685626e-02	1.628105e-02
-1.505506e+00	1.810695e-02	1.748913e-02
-1.492492e+00	1.942825e-02	1.876659e-02
-1.479479e+00	2.082299e-02	2.011593e-02
-1.466466e+00	2.229398e-02	2.153962e-02
-1.453453e+00	2.384405e-02	2.304014e-02
-1.440440e+00	2.547596e-02	2.461996e-02
-1.427427e+00	2.719236e-02	2.628151e-02
-1.414414e+00	2.899584e-02	2.802721e-02
-1.401401e+00	3.088885e-02	2.985944e-02
-1.388388e+00	3.287373e-02	3.178051e-02
-1.375375e+00	3.495270e-02	3.379273e-02
-1.362362e+00	3.712792e-02	3.589833e-02
-1.349349e+00	3.940145e-02	3.809947e-02
-1.336336e+00	4.177531e-02	4.039826e-02
-1.323323e+00	4.425149e-02	4.279674e-02
-1.310310e+00	4.683195e-02	4.529686e-02
-1.297297e+00	4.951863e-02	4.790048e-02
-1.284284e+00	5.231347e-02	5.060939e-02
-1.271271e+00	5.521837e-02	5.342526e-02
-1.258258e+00	5.823518e-02	5.634966e-02
-1.245245e+00	6.136571e-02	5.938407e-02
-1.232232e+00	6.461164e-02	6.252984e-02
-1.219219e+00	6.797453e-02	6.578821e-02
-1.206206e+00	7.145580e-02	6.916029e-02
-1.193193e+00	7.505668e-02	7.264706e-02
-1.180180e+00	7.877819e-02	7.624939e-02
-1.167167e+00	8.262113e-02	7.996798e-02
-1.154154e+00	8.658608e-02	8.380341e-02
-1.141141e+00	9.067338e-02	8.775613e-02
-1.128128e+00	9.488316e-02	9.182641e-02
-1.115115e+00	9.921531e-02	9.601441e-02
-1.102102e+00	1.036695e-01	1.003201e-01
-1.089089e+00	1.082454e-01	1.047434e-01
-1.076076e+00	1.129421e-01	1.092838e-01
-1.063063e+00	1.177590e-01	1.139411e-01
-1.050050e+00	1.226951e-01	1.187144e-01
-1.037037e+00	1.277494e-01	1.236031e-01
-1.024024e+00	1.329207e-01	1.286063e-01
-1.011011e+00	1.382079e-01	1.337227e-01
-9.979980e-01	1.436095e-01	1.389512e-01
-9.849850e-01	1.491242e-01	1.442904e-01
-9.719720e-01	1.547504e-01	1.497386e-01
-9.589590e-01	1.604867e-01	1.552943e-01
-9.459459e-01	1.663312e-01	1.609555e-01
-9.329329e-01	1.722823e-01	1.667202e-01
-9.199199e-01	1.783380e-01	1.725862e-01
-9.069069e-01	1.844962e-01	1.785514e-01
-8.938939e-01	1.907547e-01	1.846132e-01
-8.808809e-01	1.971112e-01	1.907691e-01
-8.678679e-01	2.035632e-01	1.970163e-01
-8.548549e-01	2.101079e-01	2.033521e-01
-8.418418e-01	2.167425e-01	2.097735e-01
-8.288288e-01	2.234639e-01	2.162775e-01
-8.158158e-01	2.302688e-01	2.228608e-01
-8.028028e-01	2.371538e-01	2.295203e-01
-7.897898e-01	2.441152e-01	2.362523e-01
-7.767768e-01	2.511494e-01	2.430536e-01
-7.637638e-01	2.582522e-01	2.499206e-01
-7.507508e-01	2.654197e-01	2.568494e-01
-7.377377e-01	2.726475e-01	2.638365e-01
-7.247247e-01	2.799315e-01	2.708779e-01
-7.117117e-01	2.872671e-01	2.779698e-01
-6.986987e-01	2.946499e-01	2.851083e-01
-6.856857e-01	3.020755e-01	2.922892e-01
-6.726727e-01	3.095393e-01	2.995086e-01
-6.596597e-01	3.170368e-01	3.067624e-01
-6.466466e-01	3.245635e-01	3.140463e-01
-6.336336e-01	3.321152e-01	3.213562e-01
-6.206206e-01	3.396874e-01	3.286879e-01
-6.076076e-01	3.472759e-01	3.360371e-01
-5.945946e-01	3.548765e-01	3.433996e-01
-5.815816e-01	3.624851e-01	3.507712e-01
-5.685686e-01	3.700977e-01	3.581475e-01
-5.555556e-01	3.777104e-01	3.655244e-01
-5.425425e-01	3.853194e-01	3.728975e-01
-5.295295e-01	3.929208e-01	3.802626e-01
-5.165165e-01	4.005107e-01	3.876156e-01
-5.035035e-01	4.080855e-01	3.949521e-01
-4.904905e-01	4.156412e-01	4.022681e-01
-4.774775e-01	4.231740e-01	4.095594e-01
-4.644645e-01	4.306798e-01	4.168220e-01
-4.514515e-01	4.381545e-01	4.240516e-01
-4.384384e-01	4.455939e-01	4.312445e-01
-4.254254e-01	4.529935e-01	4.383965e-01
-4.124124e-01	4.603487e-01	4.455039e-01
-3.993994e-01	4.676550e-01	4.525628e-01
-3.863864e-01	4.749074e-01	4.595694e-01
-3.733734e-01	4.821012e-01	4.665200e-01
-3.603604e-01	4.892317e-01	4.734110e-01
-3.473473e-01	4.962942e-01	4.802389e-01
-3.343343e-01	5.032844e-01	4.870001e-01
-3.213213e-01	5.101983e-01	4.936914e-01
-3.083083e-01	5.170323e-01	5.003093e-01
-2.952953e-01	5.237833e-01	5.068507e-01
-2.822823e-01	5.304490e-01	5.133125e-01
-2.692693e-01	5.370273e-01	5.196916e-01
-2.562563e-01	5.435169e-01	5.259850e-01
-2.432432e-01	5.499164e-01	5.321899e-01
-2.302302e-01	5.562248e-01	5.383036e-01
-2.172172e-01	5.624406e-01	5.443234e-01
-2.042042e-01	5.685619e-01	5.502467e-01
-1.911912e-01	5.745863e-01	5.560711e-01
-1.781782e-01	5.805104e-01	5.617943e-01
-1.651652e-01	5.863301e-01	5.674139e-01
-1.521522e-01	5.920409e-01	5.729279e-01
-1.391391e-01	5.976382e-01	5.783342e-01
-1.261261e-01	6.031181e-01	5.836309e-01
-1.131131e-01	6.084773e-01	5.888161e-01
-1.001001e-01	6.137142e-01	5.938880e-01
-8.708709e-02	6.188284e-01	5.988452e-01
-7.407407e-02	6.238204e-01	6.036859e-01
-6.106106e-02	6.286915e-01	6.084089e-01
-4.804805e-02	6.334426e-01	6.130127e-01
-3.503504e-02	6.380738e-01	6.174962e-01
-2.202202e-02	6.425839e-01	6.218582e-01
-9.009009e-03	6.469706e-01	6.260977e-01
4.004004e-03	6.512311e-01	6.302139e-01
1.701702e-02	6.553624e-01	6.342058e-01
3.003003e-02	6.593625e-01	6.380727e-01
4.304304e-02	6.632299e-01	6.418140e-01
5.605606e-02	6.669646e-01	6.454292e-01
6.906907e-02	6.705671e-01	6.489179e-01
8.208208e-02	6.740379e-01	6.522795e-01
9.509510e-02	6.773772e-01	6.555140e-01
1.081081e-01	6.805848e-01	6.586210e-01
1.211211e-01	6.836602e-01	6.616006e-01
1.341341e-01	6.866034e-01	6.644527e-01
1.471471e-01	6.894155e-01	6.671773e-01
1.601602e-01	6.920986e-01	6.697746e-01
1.731732e-01	6.946546e-01	6.722448e-01
1.861862e-01	6.970838e-01	6.745883e-01
1.991992e-01	6.993847e-01	6.768054e-01
2.122122e-01	7.015538e-01	6.788965e-01
2.252252e-01	7.035882e-01	6.808622e-01
2.382382e-01	7.054867e-01	6.827031e-01
2.512513e-01	7.072510e-01	6.844198e-01
2.642643e-01	7.088849e-01	6.860130e-01
2.772773e-01	7.103928e-01	6.874834e-01
2.902903e-01	7.117787e-01	6.888320e-01
3.033033e-01	7.130452e-01	6.900596e-01
3.163163e-01	7.141935e-01	6.911672e-01
3.293293e-01	7.152236e-01	6.921557e-01
3.423423e-01	7.161349e-01	6.930263e-01
3.553554e-01	7.169265e-01	6.937799e-01
3.683684e-01	7.175977e-01	6.944178e-01
3.813814e-01	7.181482e-01	6.949411e-01
3.943944e-01	7.185782e-01	6.953510e-01
4.074074e-01	7.188883e-01	6.956489e-01
4.204204e-01	7.190800e-01	6.958361e-01
4.334334e-01	7.191549e-01	6.959138e-01
4.464464e-01	7.191151e-01	6.958835e-01
4.594595e-01	7.189629e-01	6.957465e-01
4.724725e-01	7.187009e-01	6.955044e-01
4.854855e-01	7.183314e-01	6.951586e-01
4.984985e-01	7.178570e-01	6.947105e-01
5.115115e-01	7.172800e-01	6.941618e-01
5.245245e-01	7.166025e-01	6.935138e-01
5.375375e-01	7.158266e-01	6.927683e-01
5.505506e-01	7.149541e-01	6.919268e-01
5.635636e-01	7.139867e-01	6.909909e-01
5.765766e-01	7.129258e-01	6.899622e-01
5.895896e-01	7.117729e-01	6.888423e-01
6.026026e-01	7.105293e-01	6.876329e-01
6.156156e-01	7.091963e-01	6.863357e-01
6.286286e-01	7.077752e-01	6.849522e-01
6.416416e-01	7.062673e-01	6.834843e-01
6.546547e-01	7.046738e-01	6.819335e-01
6.676677e-01	7.029961e-01	6.803016e-01
6.806807e-01	7.012357e-01	6.785903e-01
6.936937e-01	6.993939e-01	6.768011e-01
7.067067e-01	6.974723e-01	6.749359e-01
7.197197e-01	6.954725e-01	6.729964e-01
7.327327e-01	6.933962e-01	6.709842e-01
7.457457e-01	6.912452e-01	6.689010e-01
7.587588e-01	6.890210e-01	6.667485e-01
7.717718e-01	6.867257e-01	6.645284e-01
7.847848e-01	6.843611e-01	6.622424e-01
7.977978e-01	6.819290e-01	6.598922e-01
8.108108e-01	6.794313e-01	6.574794e-01
8.238238e-01	6.768700e-01	6.550057e-01
8.368368e-01	6.742470e-01	6.524728e-01
8.498498e-01	6.715642e-01	6.498822e-01
8.628629e-01	6.688234e-01	6.472356e-01
8.758759e-01	6.660266e-01	6.445347e-01
8.888889e-01	6.631756e-01	6.417811e-01
9.019019e-01	6.602721e-01	6.389763e-01
9.149149e-01	6.573180e-01	6.361219e-01
9.279279e-01	6.543150e-01	6.332196e-01
9.409409e-01	6.512647e-01	6.302708e-01
9.539540e-01	6.481689e-01	6.272771e-01
9.669670e-01	6.450291e-01	6.242400e-01
9.799800e-01	6.418469e-01	6.211611e-01
9.929930e-01	6.386238e-01	6.180418e-01
1.006006e+00	6.353614e-01	6.148836e-01
1.019019e+00	6.320610e-01	6.116880e-01
1.032032e+00	6.287242e-01	6.084564e-01
1.045045e+00	6.253522e-01	6.051902e-01
1.058058e+00	6.219464e-01	6.018909e-01
1.071071e+00	6.185083e-01	5.985598e-01
1.084084e+00	6.150390e-01	5.951983e-01
1.097097e+00	6.115398e-01	5.918077e-01
1.110110e+00	6.080120e-01	5.883894e-01
1.123123e+00	6.044568e-01	5.849447e-01
1.136136e+00	6.008755e-01	5.814748e-01
1.149149e+00	5.972692e-01	5.779811e-01
1.162162e+00	5.936392e-01	5.744648e-01
1.175175e+00	5.899865e-01	5.709271e-01
1.188188e+00	5.863124e-01	5.673692e-01
1.201201e+00	5.826180e-01	5.637924e-01
1.214214e+00	5.789045e-01	5.601977e-01
1.227227e+00	5.751729e-01	5.565864e-01
1.240240e+00	5.714246e-01	5.529596e-01
1.253253e+00	5.676605e-01	5.493183e-01
1.266266e+00	5.638819e-01	5.456637e-01
1.279279e+00	5.600899e-01	5.419968e-01
1.292292e+00	5.562856e-01	5.383186e-01
1.305305e+00	5.524702e-01	5.346303e-01
1.318318e+00	5.486449e-01	5.309328e-01
1.331331e+00	5.448107e-01	5.272270e-01
1.344344e+00	5.409689e-01	5.235140e-01
1.357357e+00	5.371205e-01	5.197947e-01
1.370370e+00	5.332667e-01	5.160700e-01
1.383383e+00	5.294085e-01	5.123409e-01
1.396396e+00	5.255470e-01	5.086081e-01
1.409409e+00	5.216833e-01	5.048726e-01
1.422422e+00	5.178183e-01	5.011353e-01
1.435435e+00	5.139530e-01	4.973968e-01
1.448448e+00	5.100883e-01	4.936582e-01
1.461461e+00	5.062251e-01	4.899200e-01
1.474474e+00	5.023642e-01	4.861832e-01
1.487487e+00	4.985063e-01	4.824484e-01
1.500501e+00	4.946522e-01	4.787164e-01
1.513514e+00	4.908027e-01	4.749879e-01
1.526527e+00	4.869582e-01	4.712636e-01
1.539540e+00	4.831195e-01	4.675442e-01
1.552553e+00	4.792871e-01	4.638303e-01
1.565566e+00	4.754615e-01	4.601226e-01
1.578579e+00	4.716432e-01	4.564216e-01
1.591592e+00	4.678328e-01	4.527281e-01
1.604605e+00	4.640306e-01	4.490426e-01
1.617618e+00	4.602370e-01	4.453656e-01
1.630631e+00	4.564526e-01	4.416978e-01
1.643644e+00	4.526777e-01	4.380396e-01
1.656657e+00	4.489126e-01	4.343916e-01
1.669670e+00	4.451579e-01	4.307543e-01
1.682683e+00	4.414138e-01	4.271282e-01
1.695696e+00	4.376807e-01	4.235138e-01
1.708709e+00	4.339591e-01	4.199115e-01
1.721722e+00	4.302493e-01	4.163218e-01
1.734735e+00	4.265518e-01	4.127452e-01
1.747748e+00	4.228669e-01	4.091819e-01
1.760761e+00	4.191952e-01	4.056325e-01
1.773774e+00	4.155371e-01	4.020973e-01
1.786787e+00	4.118931e-01	3.985768e-01
1.799800e+00	4.082637e-01	3.950712e-01
1.812813e+00	4.046493e-01	3.915809e-01
1.825826e+00	4.010507e-01	3.881064e-01
1.838839e+00	3.974681e-01	3.846478e-01
1.851852e+00	3.939024e-01	3.812055e-01
1.864865e+00	3.903539e-01	3.777798e-01
1.877878e+00	3.868232e-01	3.743710e-01
1.890891e+00	3.833109e-01	3.709794e-01
1.903904e+00	3.798174e-01	3.676052e-01
1.916917e+00	3.763434e-01	3.642487e-01
1.929930e+00	3.728892e-01	3.609102e-01
1.942943e+00	3.694552e-01	3.575898e-01
1.955956e+00	3.660419e-01	3.542878e-01
1.968969e+00	3.626496e-01	3.510044e-01
1.981982e+00	3.592786e-01	3.477398e-01
1.994995e+00	3.559291e-01	3.444942e-01
2.008008e+00	3.526011e-01	3.412678e-01
2.021021e+00	3.492949e-01	3.380607e-01
2.034034e+00	3.460103e-01	3.348732e-01
2.047047e+00	3.427473e-01	3.317053e-01
2.060060e+00	3.395058e-01	3.285572e-01
2.073073e+00	3.362856e-01	3.254291e-01
2.086086e+00	3.330863e-01	3.223210e-01
2.099099e+00	3.299078e-01	3.192331e-01
2.112112e+00	3.267496e-01	3.161655e-01
2.125125e+00	3.236114e-01	3.131184e-01
2.138138e+00	3.204928e-01	3.100917e-01
2.151151e+00	3.173936e-01	3.070856e-01
2.164164e+00	3.143135e-01	3.041002e-01
2.177177e+00	3.112522e-01	3.011355e-01
2.190190e+00	3.082096e-01	2.981917e-01
2.203203e+00	3.051857e-01	2.952687e-01
2.216216e+00	3.021806e-01	2.923666e-01
2.229229e+00	2.991945e-01	2.894855e-01
2.242242e+00	2.962277e-01	2.866254e-01
2.255255e+00	2.932806e-01	2.837863e-01
2.268268e+00	2.903537e-01	2.809683e-01
2.281281e+00	2.874476e-01	2.781714e-01
2.294294e+00	2.845630e-01	2.753955e-01
2.307307e+00	2.817006e-01	2.726409e-01
2.320320e+00	2.788610e-01	2.699073e-01
2.333333e+00	2.760450e-01	2.671948e-01
2.346346e+00	2.732530e-01	2.645035e-01
2.359359e+00	2.704856e-01	2.618333e-01
2.372372e+00	2.677431e-01	2.591841e-01
2.385385e+00	2.650258e-01	2.565560e-01
2.398398e+00	2.623338e-01	2.539490e-01
2.411411e+00	2.596669e-01	2.513630e-01
2.424424e+00	2.570251e-01	2.487980e-01
2.437437e+00	2.544077e-01	2.462540e-01
2.450450e+00	2.518145e-01	2.437308e-01
2.463463e+00	2.492446e-01	2.412286e-01
2.476476e+00	2.466975e-01	2.387471e-01
2.489489e+00	2.441723e-01	2.362864e-01
2.502503e+00	2.416682e-01	2.338465e-01
2.515516e+00	2.391845e-01	2.314272e-01
2.528529e+00	2.367204e-01	2.290285e-01
2.541542e+00	2.342753e-01	2.266503e-01
2.554555e+00	2.318485e-01	2.242926e-01
2.567568e+00	2.294396e-01	2.219553e-01
2.580581e+00	2.270482e-01	2.196383e-01
2.593594e+00	2.246742e-01	2.173415e-01
2.606607e+00	2.223175e-01	2.150649e-01
2.619620e+00	2.199782e-01	2.128084e-01
2.632633e+00	2.176566e-01	2.105719e-01
2.645646e+00	2.153530e-01	2.083554e-01
2.658659e+00	2.130679e-01	2.061586e-01
2.671672e+00	2.108018e-01	2.039816e-01
2.684685e+00	2.085552e-01	2.018242e-01
2.697698e+00	2.063289e-01	1.996864e-01
2.710711e+00	2.041233e-01	1.975681e-01
2.723724e+00	2.019391e-01	1.954691e-01
2.736737e+00	1.997767e-01	1.933894e-01
2.749750e+00	1.976365e-01	1.913288e-01
2.762763e+00	1.955189e-01	1.892873e-01
2.775776e+00	1.934240e-01	1.872647e-01
2.788789e+00	1.913517e-01	1.852610e-01
2.801802e+00	1.893022e-01	1.832760e-01
2.814815e+00	1.872750e-01	1.813097e-01
2.827828e+00	1.852700e-01	1.793619e-01
2.840841e+00	1.832866e-01	1.774324e-01
2.853854e+00	1.813243e-01	1.755213e-01
2.866867e+00	1.793826e-01	1.736284e-01
2.879880e+00	1.774609e-01	1.717536e-01
2.892893e+00	1.755585e-01	1.698967e-01
2.905906e+00	1.736748e-01	1.680577e-01
2.918919e+00	1.718091e-01	1.662364e-01
2.931932e+00	1.699609e-01	1.644327e-01
2.944945e+00	1.681296e-01	1.626465e-01
2.957958e+00	1.663147e-01	1.608776e-01
2.970971e+00	1.645158e-01	1.591261e-01
2.983984e+00	1.627325e-01	1.573916e-01
2.996997e+00	1.609645e-01	1.556742e-01
3.010010e+00	1.592117e-01	1.539737e-01
3.023023e+00	1.574738e-01	1.522900e-01
3.036036e+00	1.557507e-01	1.506229e-01
3.049049e+00	1.540424e-01	1.489724e-01
3.062062e+00	1.523489e-01	1.473382e-01
3.075075e+00	1.506702e-01	1.457204e-01
3.088088e+00	1.490065e-01	1.441187e-01
3.101101e+00	1.473577e-01	1.425331e-01
3.114114e+00	1.457240e-01	1.409634e-01
3.127127e+00	1.441055e-01	1.394095e-01
3.140140e+00	1.425024e-01	1.378713e-01
3.153153e+00	1.409147e-01	1.363487e-01
3.166166e+00	1.393427e-01	1.348415e-01
3.179179e+00	1.377864e-01	1.333496e-01
3.192192e+00	1.362459e-01	1.318729e-01
3.205205e+00	1.347213e-01	1.304112e-01
3.218218e+00	1.332127e-01	1.289646e-01
3.231231e+00	1.317201e-01	1.275327e-01
3.244244e+00	1.302436e-01	1.261155e-01
3.257257e+00	1.287831e-01	1.247130e-01
3.270270e+00	1.273387e-01	1.233249e-01
3.283283e+00	1.259102e-01	1.219511e-01
3.296296e+00	1.244977e-01	1.205915e-01
3.309309e+00	1.231011e-01	1.192461e-01
3.322322e+00	1.217203e-01	1.179146e-01
3.335335e+00	1.203551e-01	1.165970e-01
3.348348e+00	1.190055e-01	1.152931e-01
3.361361e+00	1.176712e-01	1.140029e-01
3.374374e+00	1.163522e-01	1.127261e-01
3.387387e+00	1.150483e-01	1.114628e-01
3.400400e+00	1.137593e-01	1.102127e-01
3.413413e+00	1.124850e-01	1.089757e-01
3.426426e+00	1.112252e-01	1.077518e-01
3.439439e+00	1.099798e-01	1.065408e-01
3.452452e+00	1.087485e-01	1.053426e-01
3.465465e+00	1.075311e-01	1.041571e-01
3.478478e+00	1.063275e-01	1.029842e-01
3.491491e+00	1.051374e-01	1.018237e-01
3.504505e+00	1.039606e-01	1.006755e-01
3.517518e+00	1.027970e-01	9.953964e-02
3.530531e+00	1.016462e-01	9.841584e-02
3.543544e+00	1.005082e-01	9.730405e-02
3.556557e+00	9.938263e-02	9.620416e-02
3.569570e+00	9.826942e-02	9.511604e-02
3.582583e+00	9.716834e-02	9.403960e-02
3.595596e+00	9.607921e-02	9.297473e-02
3.608609e+00	9.500183e-02	9.192130e-02
3.621622e+00	9.393604e-02	9.087923e-02
3.634635e+00	9.288166e-02	8.984839e-02
3.647648e+00	9.183852e-02	8.882868e-02
3.660661e+00	9.080647e-02	8.782000e-02
3.673674e+00	8.978534e-02	8.682224e-02
3.686687e+00	8.877498e-02	8.583529e-02
3.699700e+00	8.777525e-02	8.485905e-02
3.712713e+00	8.678601e-02	8.389342e-02
3.725726e+00	8.580710e-02	8.293829e-02
3.738739e+00	8.483842e-02	8.199356e-02
3.751752e+00	8.387982e-02	8.105913e-02
3.764765e+00	8.293119e-02	8.013490e-02
3.777778e+00	8.199240e-02	7.922077e-02
3.790791e+00	8.106335e-02	7.831663e-02
3.803804e+00	8.014392e-02	7.742240e-02
3.816817e+00	7.923401e-02	7.653797e-02
3.829830e+00	7.833351e-02	7.566324e-02
3.842843e+00	7.744233e-02	7.479812e-02
3.855856e+00	7.656038e-02	7.394252e-02
3.868869e+00	7.568755e-02	7.309633e-02
3.881882e+00	7.482377e-02	7.225946e-02
3.894895e+00	7.396894e-02	7.143182e-02
3.907908e+00	7.312299e-02	7.061332e-02
3.920921e+00	7.228583e-02	6.980386e-02
3.933934e+00	7.145738e-02	6.900335e-02
3.946947e+00	7.063758e-02	6.821170e-02
3.959960e+00	6.982634e-02	6.742883e-02
3.972973e+00	6.902359e-02	6.665463e-02
3.985986e+00	6.822926e-02	6.588902e-02
3.998999e+00	6.744329e-02	6.513192e-02
4.012012e+00	6.666560e-02	6.438324e-02
4.025025e+00	6.589614e-02	6.364289e-02
4.038038e+00	6.513483e-02	6.291078e-02
4.051051e+00	6.438161e-02	6.218683e-02
4.064064e+00	6.363641e-02	6.147095e-02
4.077077e+00	6.289919e-02	6.076307e-02
4.090090e+00	6.216987e-02	6.006309e-02
4.103103e+00	6.144839e-02	5.937094e-02
4.116116e+00	6.073470e-02	5.868654e-02
4.129129e+00	6.002874e-02	5.800979e-02
4.142142e+00	5.933043e-02	5.734063e-02
4.155155e+00	5.863974e-02	5.667897e-02
4.168168e+00	5.795659e-02	5.602474e-02
4.181181e+00	5.728094e-02	5.537785e-02
4.194194e+00	5.661271e-02	5.473824e-02
4.207207e+00	5.595186e-02	5.410581e-02
4.220220e+00	5.529833e-02	5.348050e-02
4.233233e+00	5.465205e-02	5.286223e-02
4.246246e+00	5.401297e-02	5.225093e-02
4.259259e+00	5.338104e-02	5.164652e-02
4.272272e+00	5.275619e-02	5.104893e-02
4.285285e+00	5.213836e-02	5.045808e-02
4.298298e+00	5.152751e-02	4.987391e-02
4.311311e+00	5.092356e-02	4.929634e-02
4.324324e+00	5.032647e-02	4.872530e-02
4.337337e+00	4.973617e-02	4.816073e-02
4.350350e+00	4.915261e-02	4.760254e-02
4.363363e+00	4.857572e-02	4.705069e-02
4.376376e+00	4.800546e-02	4.650508e-02
4.389389e+00	4.744175e-02	4.596567e-02
4.402402e+00	4.688455e-02	4.543238e-02
4.415415e+00	4.633378e-02	4.490514e-02
4.428428e+00	4.578940e-02	4.438389e-02
4.441441e+00	4.525135e-02	4.386857e-02
4.454454e+00	4.471956e-02	4.335911e-02
4.467467e+00	4.419398e-02	4.285545e-02
4.480480e+00	4.367454e-02	4.235752e-02
4.493493e+00	4.316119e-02	4.186526e-02
4.506507e+00	4.265387e-02	4.137861e-02
4.519520e+00	4.215252e-02	4.089751e-02
4.532533e+00	4.165708e-02	4.042190e-02
4.545546e+00	4.116749e-02	3.995172e-02
4.558559e+00	4.068370e-02	3.948691e-02
4.571572e+00	4.020563e-02	3.902740e-02
4.584585e+00	3.973324e-02	3.857315e-02
4.597598e+00	3.926646e-02	3.812409e-02
4.610611e+00	3.880524e-02	3.768017e-02
4.623624e+00	3.834951e-02	3.724133e-02
4.636637e+00	3.789922e-02	3.680751e-02
4.649650e+00	3.745431e-02	3.637866e-02
4.662663e+00	3.701473e-02	3.595473e-02
4.675676e+00	3.658040e-02	3.553566e-02
4.688689e+00	3.615129e-02	3.512139e-02
4.701702e+00	3.572732e-02	3.471188e-02
4.714715e+00	3.530843e-02	3.430706e-02
4.727728e+00	3.489459e-02	3.390690e-02
4.740741e+00	3.448572e-02	3.351133e-02
4.753754e+00	3.408177e-02	3.312030e-02
4.766767e+00	3.368268e-02	3.273377e-02
4.779780e+00	3.328840e-02	3.235169e-02
4.792793e+00	3.289887e-02	3.197400e-02
4.805806e+00	3.251404e-02	3.160066e-02
4.818819e+00	3.213384e-02	3.123162e-02
4.831832e+00	3.175824e-02	3.086682e-02
4.844845e+00	3.138717e-02	3.050623e-02
4.857858e+00	3.102057e-02	3.014980e-02
4.870871e+00	3.065840e-02	2.979747e-02
4.883884e+00	3.030060e-02	2.944921e-02
4.896897e+00	2.994713e-02	2.910496e-02
4.909910e+00	2.959791e-02	2.876469e-02
4.922923e+00	2.925292e-02	2.842835e-02
4.935936e+00	2.891208e-02	2.809589e-02
4.948949e+00	2.857536e-02	2.776727e-02
4.961962e+00	2.824270e-02	2.744244e-02
4.974975e+00	2.791406e-02	2.712137e-02
4.987988e+00	2.758937e-02	2.680402e-02
5.001001e+00	2.726860e-02	2.649033e-02
5.014014e+00	2.695169e-02	2.618027e-02
5.027027e+00	2.663860e-02	2.587380e-02
5.040040e+00	2.632928e-02	2.557088e-02
5.053053e+00	2.602368e-02	2.527147e-02
5.066066e+00	2.572175e-02	2.497552e-02
5.079079e+00	2.542345e-02	2.468300e-02
5.092092e+00	2.512873e-02	2.439387e-02
5.105105e+00	2.483755e-02	2.410809e-02
5.118118e+00	2.454987e-02	2.382563e-02
5.131131e+00	2.426563e-02	2.354644e-02
5.144144e+00	2.398479e-02	2.327049e-02
5.157157e+00	2.370732e-02	2.299774e-02
5.170170e+00	2.343316e-02	2.272816e-02
5.183183e+00	2.316228e-02	2.246170e-02
5.196196e+00	2.289463e-02	2.219835e-02
5.209209e+00	2.263017e-02	2.193804e-02
5.222222e+00	2.236887e-02	2.168077e-02
5.235235e+00	2.211068e-02	2.142648e-02
5.248248e+00	2.185555e-02	2.117515e-02
5.261261e+00	2.160346e-02	2.092674e-02
5.274274e+00	2.135437e-02	2.068122e-02
5.287287e+00	2.110822e-02	2.043855e-02
5.300300e+00	2.086499e-02	2.019871e-02
5.313313e+00	2.062464e-02	1.996166e-02
5.326326e+00	2.038714e-02	1.972736e-02
5.339339e+00	2.015244e-02	1.949580e-02
5.352352e+00	1.992050e-02	1.926692e-02
5.365365e+00	1.969130e-02	1.904072e-02
5.378378e+00	1.946480e-02	1.881715e-02
5.391391e+00	1.924097e-02	1.859618e-02
5.404404e+00	1.901976e-02	1.837779e-02
5.417417e+00	1.880115e-02	1.816195e-02
5.430430e+00	1.858510e-02	1.794862e-02
5.443443e+00	1.837158e-02	1.773777e-02
5.456456e+00	1.816055e-02	1.752939e-02
5.469469e+00	1.795199e-02	1.732343e-02
5.482482e+00	1.774587e-02	1.711988e-02
5.495495e+00	1.754215e-02	1.691871e-02
5.508509e+00	1.734079e-02	1.671988e-02
5.521522e+00	1.714178e-02	1.652337e-02
5.534535e+00	1.694509e-02	1.632916e-02
5.547548e+00	1.675067e-02	1.613721e-02
5.560561e+00	1.655850e-02	1.594750e-02
5.573574e+00	1.636856e-02	1.576001e-02
5.586587e+00	1.618082e-02	1.557471e-02
5.599600e+00	1.599524e-02	1.539158e-02
5.612613e+00	1.581181e-02	1.521058e-02
5.625626e+00	1.563048e-02	1.503170e-02
5.638639e+00	1.545125e-02	1.485492e-02
5.651652e+00	1.527407e-02	1.468019e-02
5.664665e+00	1.509893e-02	1.450751e-02
5.677678e+00	1.492579e-02	1.433685e-02
5.690691e+00	1.475464e-02	1.416819e-02
5.703704e+00	1.458545e-02	1.400150e-02
5.716717e+00	1.441819e-02	1.383676e-02
5.729730e+00	1.425284e-02	1.367394e-02
5.742743e+00	1.408937e-02	1.351304e-02
5.755756e+00	1.392777e-02	1.335401e-02
5.768769e+00	1.376800e-02	1.319685e-02
5.781782e+00	1.361006e-02	1.304152e-02
5.794795e+00	1.345390e-02	1.288802e-02
5.807808e+00	1.329952e-02	1.273631e-02
5.820821e+00	1.314688e-02	1.258638e-02
5.833834e+00	1.299597e-02	1.243821e-02
5.846847e+00	1.284677e-02	1.229177e-02
5.859860e+00	1.269925e-02	1.214704e-02
5.872873e+00	1.255340e-02	1.200402e-02
5.885886e+00	1.240919e-02	1.186267e-02
5.898899e+00	1.226660e-02	1.172297e-02
5.911912e+00	1.212562e-02	1.158491e-02
5.924925e+00	1.198622e-02	1.144848e-02
5.937938e+00	1.184839e-02	1.131364e-02
5.950951e+00	1.171210e-02	1.118038e-02
5.963964e+00	1.157734e-02	1.104868e-02
5.976977e+00	1.144409e-02	1.091853e-02
5.989990e+00	1.131232e-02	1.078991e-02
6.003003e+00	1.118203e-02	1.066279e-02
6.016016e+00	1.105320e-02	1.053717e-02
6.029029e+00	1.092580e-02	1.041302e-02
6.042042e+00	1.079982e-02	1.029033e-02
6.055055e+00	1.067524e-02	1.016907e-02
6.068068e+00	1.055205e-02	1.004924e-02
6.081081e+00	1.043023e-02	9.930818e-03
6.094094e+00	1.030976e-02	9.813784e-03
6.107107e+00	1.019063e-02	9.698125e-03
6.120120e+00	1.007282e-02	9.583823e-03
6.133133e+00	9.956316e-03	9.470864e-03
6.146146e+00	9.841101e-03	9.359231e-03
6.159159e+00	9.727161e-03	9.248909e-03
6.172172e+00	9.614481e-03	9.139883e-03
6.185185e+00	9.503045e-03	9.032137e-03
6.198198e+00	9.392840e-03	8.925658e-03
6.211211e+00	9.283851e-03	8.820429e-03
6.224224e+00	9.176064e-03	8.716437e-03
6.237237e+00	9.069464e-03	8.613667e-03
6.250250e+00	8.964039e-03	8.512104e-03
6.263263e+00	8.859774e-03	8.411735e-03
6.276276e+00	8.756655e-03	8.312546e-03
6.289289e+00	8.654671e-03	8.214523e-03
6.302302e+00	8.553807e-03	8.117652e-03
6.315315e+00	8.454051e-03	8.021920e-03
6.328328e+00	8.355389e-03	7.927313e-03
6.341341e+00	8.257810e-03	7.833819e-03
6.354354e+00	8.161302e-03	7.741424e-03
6.367367e+00	8.065851e-03	7.650116e-03
6.380380e+00	7.971445e-03	7.559881e-03
6.393393e+00	7.878074e-03	7.470708e-03
6.406406e+00	7.785725e-03	7.382584e-03
6.419419e+00	7.694386e-03	7.295496e-03
6.432432e+00	7.604047e-03	7.209433e-03
6.445445e+00	7.514695e-03	7.124383e-03
6.458458e+00	7.426320e-03	7.040333e-03
6.471471e+00	7.338911e-03	6.957272e-03
6.484484e+00	7.252457e-03	6.875188e-03
6.497497e+00	7.166948e-03	6.794071e-03
6.510511e+00	7.082372e-03	6.713908e-03
6.523524e+00	6.998719e-03	6.634688e-03
6.536537e+00	6.915980e-03	6.556401e-03
6.549550e+00	6.834144e-03	6.479036e-03
6.562563e+00	6.753200e-03	6.402581e-03
6.575576e+00	6.673140e-03	6.327026e-03
6.588589e+00	6.593953e-03	6.252361e-03
6.601602e+00	6.515630e-03	6.178575e-03
6.614615e+00	6.438161e-03	6.105657e-03
6.627628e+00	6.361537e-03	6.033599e-03
6.640641e+00	6.285749e-03	5.962388e-03
6.653654e+00	6.210787e-03	5.892017e-03
6.666667e+00	6.136643e-03	5.822474e-03
6.679680e+00	6.063308e-03	5.753750e-03
6.692693e+00	5.990772e-03	5.685836e-03
6.705706e+00	5.919028e-03	5.618721e-03
6.718719e+00	5.848066e-03	5.552398e-03
6.731732e+00	5.777879e-03	5.486855e-03
6.744745e+00	5.708457e-03	5.422085e-03
6.757758e+00	5.639793e-03	5.358078e-03
6.770771e+00	5.571879e-03	5.294824e-03
6.783784e+00	5.504706e-03	5.232316e-03
6.796797e+00	5.438267e-03	5.170545e-03
6.809810e+00	5.372553e-03	5.109502e-03
6.822823e+00	5.307558e-03	5.049178e-03
6.835836e+00	5.243273e-03	4.989564e-03
6.848849e+00	5.179690e-03	4.930654e-03
6.861862e+00	5.116804e-03	4.872437e-03
6.874875e+00	5.054605e-03	4.814907e-03
6.887888e+00	4.993088e-03	4.758055e-03
6.900901e+00	4.932244e-03	4.701873e-03
6.913914e+00	4.872066e-03	4.646353e-03
6.926927e+00	4.812549e-03	4.591488e-03
6.939940e+00	4.753684e-03	4.537270e-03
6.952953e+00	4.695465e-03	4.483691e-03
6.965966e+00	4.637885e-03	4.430743e-03
6.978979e+00	4.580937e-03	4.378420e-03
6.991992e+00	4.524616e-03	4.326713e-03
7.005005e+00	4.468914e-03	4.275617e-03
7.018018e+00	4.413826e-03	4.225123e-03
7.031031e+00	4.359344e-03	4.175224e-03
7.044044e+00	4.305463e-03	4.125914e-03
7.057057e+00	4.252176e-03	4.077185e-03
7.070070e+00	4.199477e-03	4.029031e-03
7.083083e+00	4.147360e-03	3.981445e-03
7.096096e+00	4.095820e-03	3.934420e-03
7.109109e+00	4.044850e-03	3.887949e-03
7.122122e+00	3.994445e-03	3.842027e-03
7.135135e+00	3.944599e-03	3.796647e-03
7.148148e+00	3.895306e-03	3.751801e-03
7.161161e+00	3.846560e-03	3.707485e-03
7.174174e+00	3.798357e-03	3.663692e-03
7.187187e+00	3.750690e-03	3.620415e-03
7.200200e+00	3.703554e-03	3.577649e-03
7.213213e+00	3.656944e-03	3.535387e-03
7.226226e+00	3.610855e-03	3.493624e-03
7.239239e+00	3.565281e-03	3.452354e-03
7.252252e+00	3.520217e-03	3.411570e-03
7.265265e+00	3.475659e-03	3.371268e-03
7.278278e+00	3.431600e-03	3.331441e-03
7.291291e+00	3.388037e-03	3.292085e-03
7.304304e+00	3.344964e-03	3.253192e-03
7.317317e+00	3.302376e-03	3.214759e-03
7.330330e+00	3.260268e-03	3.176779e-03
7.343343e+00	3.218637e-03	3.139248e-03
7.356356e+00	3.177477e-03	3.102159e-03
7.369369e+00	3.136783e-03	3.065508e-03
7.382382e+00	3.096551e-03	3.029290e-03
7.395395e+00	3.056777e-03	2.993499e-03
7.408408e+00	3.017455e-03	2.958130e-03
7.421421e+00	2.978582e-03	2.923179e-03
7.434434e+00	2.940154e-03	2.888641e-03
7.447447e+00	2.902165e-03	2.854510e-03
7.460460e+00	2.864611e-03	2.820782e-03
7.473473e+00	2.827489e-03	2.787452e-03
7.486486e+00	2.790795e-03	2.754516e-03
7.499499e+00	2.754523e-03	2.721969e-03
7.512513e+00	2.718670e-03	2.689805e-03
7.525526e+00	2.683233e-03	2.658022e-03
7.538539e+00	2.648206e-03	2.626613e-03
7.551552e+00	2.613586e-03	2.595576e-03
7.564565e+00	2.579370e-03	2.564905e-03
7.577578e+00	2.545553e-03	2.534596e-03
7.590591e+00	2.512131e-03	2.504645e-03
7.603604e+00	2.479101e-03	2.475047e-03
7.616617e+00	2.446459e-03	2.445799e-03
7.629630e+00	2.414202e-03	2.416896e-03
7.642643e+00	2.382325e-03	2.388335e-03
7.655656e+00	2.350826e-03	2.360111e-03
7.668669e+00	2.319700e-03	2.332220e-03
7.681682e+00	2.288944e-03	2.304658e-03
7.694695e+00	2.258555e-03	2.277422e-03
7.707708e+00	2.228529e-03	2.250507e-03
7.720721e+00	2.198863e-03	2.223911e-03
7.733734e+00	2.169554e-03	2.197628e-03
7.746747e+00	2.140597e-03	2.171656e-03
7.759760e+00	2.111991e-03	2.145991e-03
7.772773e+00	2.083731e-03	2.120628e-03
7.785786e+00	2.055814e-03	2.095565e-03
7.798799e+00	2.028238e-03	2.070799e-03
7.811812e+00	2.000999e-03	2.046324e-03
7.824825e+00	1.974094e-03	2.022139e-03
7.837838e+00	1.947520e-03	1.998239e-03
7.850851e+00	1.921273e-03	1.974622e-03
7.863864e+00	1.895352e-03	1.951284e-03
7.876877e+00	1.869752e-03	1.928221e-03
7.889890e+00	1.844472e-03	1.905431e-03
7.902903e+00	1.819508e-03	1.882910e-03
7.915916e+00	1.794857e-03	1.860655e-03
7.928929e+00	1.770516e-03	1.838662e-03
7.941942e+00	1.746483e-03	1.816930e-03
7.954955e+00	1.722755e-03	1.795454e-03
7.967968e+00	1.699329e-03	1.774232e-03
7.980981e+00	1.676202e-03	1.753261e-03
7.993994e+00	1.653372e-03	1.732538e-03
8.007007e+00	1.630836e-03	1.712059e-03
8.020020e+00	1.608591e-03	1.691822e-03
8.033033e+00	1.586636e-03	1.671824e-03
8.046046e+00	1.564966e-03	1.652063e-03
8.059059e+00	1.543580e-03	1.632535e-03
8.072072e+00	1.522475e-03	1.613237e-03
8.085085e+00	1.501649e-03	1.594168e-03
8.098098e+00	1.481100e-03	1.575324e-03
8.111111e+00	1.460824e-03	1.556702e-03
8.124124e+00	1.440819e-03	1.538301e-03
8.137137e+00	1.421084e-03	1.520117e-03
8.150150e+00	1.401615e-03	1.502148e-03
8.163163e+00	1.382410e-03	1.484391e-03
8.176176e+00	1.363468e-03	1.466844e-03
8.189189e+00	1.344785e-03	1.449504e-03
8.202202e+00	1.326359e-03	1.432369e-03
8.215215e+00	1.308189e-03	1.415437e-03
8.228228e+00	1.290272e-03	1.398705e-03
8.241241e+00	1.272606e-03	1.382170e-03
8.254254e+00	1.255189e-03	1.365831e-03
8.267267e+00	1.238018e-03	1.349685e-03
8.280280e+00	1.221091e-03	1.333729e-03
8.293293e+00	1.204407e-03	1.317963e-03
8.306306e+00	1.187963e-03	1.302382e-03
8.319319e+00	1.171757e-03	1.286986e-03
8.332332e+00	1.155788e-03	1.271771e-03
8.345345e+00	1.140053e-03	1.256737e-03
8.358358e+00	1.124550e-03	1.241880e-03
8.371371e+00	1.109277e-03	1.227198e-03
8.384384e+00	1.094232e-03	1.212690e-03
8.397397e+00	1.079414e-03	1.198354e-03
8.410410e+00	1.064820e-03	1.184187e-03
8.423423e+00	1.050449e-03	1.170187e-03
8.436436e+00	1.036299e-03	1.156353e-03
8.449449e+00	1.022367e-03	1.142682e-03
8.462462e+00	1.008653e-03	1.129173e-03
8.475475e+00	9.951537e-04	1.115823e-03
8.488488e+00	9.818679e-04	1.102632e-03
8.501502e+00	9.687939e-04	1.089596e-03
8.514515e+00	9.559298e-04	1.076714e-03
8.527528e+00	9.432739e-04	1.063985e-03
8.540541e+00	9.308246e-04	1.051405e-03
8.553554e+00	9.185800e-04	1.038975e-03
8.566567e+00	9.065385e-04	1.026692e-03
8.579580e+00	8.946986e-04	1.014553e-03
8.592593e+00	8.830584e-04	1.002558e-03
8.605606e+00	8.716164e-04	9.907053e-04
8.618619e+00	8.603710e-04	9.789923e-04
8.631632e+00	8.493206e-04	9.674178e-04
8.644645e+00	8.384636e-04	9.559800e-04
8.657658e+00	8.277985e-04	9.446775e-04
8.670671e+00	8.173237e-04	9.335085e-04
8.683684e+00	8.070376e-04	9.224715e-04
8.696697e+00	7.969388e-04	9.115650e-04
8.709710e+00	7.870258e-04	9.007875e-04
8.722723e+00	7.772970e-04	8.901373e-04
8.735736e+00	7.677511e-04	8.796130e-04
8.748749e+00	7.583865e-04	8.692130e-04
8.761762e+00	7.492018e-04	8.589361e-04
8.774775e+00	7.401956e-04	8.487805e-04
8.787788e+00	7.313665e-04	8.387451e-04
8.800801e+00	7.227131e-04	8.288282e-04
8.813814e+00	7.142340e-04	8.190286e-04
8.826827e+00	7.059279e-04	8.093448e-04
8.839840e+00	6.977933e-04	7.997755e-04
8.852853e+00	6.898290e-04	7.903193e-04
8.865866e+00	6.820336e-04	7.809749e-04
8.878879e+00	6.744058e-04	7.717409e-04
8.891892e+00	6.669444e-04	7.626161e-04
8.904905e+00	6.596479e-04	7.535992e-04
8.917918e+00	6.525152e-04	7.446888e-04
8.930931e+00	6.455450e-04	7.358838e-04
8.943944e+00	6.387360e-04	7.271828e-04
8.956957e+00	6.320871e-04	7.185848e-04
8.969970e+00	6.255969e-04	7.100883e-04
8.982983e+00	6.192642e-04	7.016923e-04
8.995996e+00	6.130880e-04	6.933955e-04
9.009009e+00	6.070669e-04	6.851969e-04
9.022022e+00	6.011998e-04	6.770951e-04
9.035035e+00	5.954855e-04	6.690891e-04
9.048048e+00	5.899230e-04	6.611778e-04
9.061061e+00	5.845110e-04	6.533600e-04
9.074074e+00	5.792484e-04	6.456346e-04
9.087087e+00	5.741340e-04	6.380006e-04
9.100100e+00	5.691669e-04	6.304567e-04
9.113113e+00	5.643459e-04	6.230021e-04
9.126126e+00	5.596698e-04	6.156356e-04
9.139139e+00	5.551377e-04	6.083562e-04
9.152152e+00	5.507484e-04	6.011629e-04
9.165165e+00	5.465010e-04	5.940545e-04
9.178178e+00	5.423943e-04	5.870303e-04
9.191191e+00	5.384273e-04	5.800890e-04
9.204204e+00	5.345990e-04	5.732299e-04
9.217217e+00	5.309085e-04	5.664518e-04
9.230230e+00	5.273546e-04	5.597538e-04
9.243243e+00	5.239363e-04	5.531351e-04
9.256256e+00	5.206528e-04	5.465946e-04
9.269269e+00	5.175030e-04	5.401314e-04
9.282282e+00	5.144860e-04	5.337446e-04
9.295295e+00	5.116007e-04	5.274333e-04
9.308308e+00	5.088463e-04	5.211967e-04
9.321321e+00	5.062218e-04	5.150338e-04
9.334334e+00	5.037263e-04	5.089437e-04
9.347347e+00	5.013589e-04	5.029257e-04
9.360360e+00	4.991186e-04	4.969788e-04
9.373373e+00	4.970046e-04	4.911022e-04
9.386386e+00	4.950159e-04	4.852951e-04
9.399399e+00	4.931517e-04	4.795566e-04
9.412412e+00	4.914111e-04	4.738860e-04
9.425425e+00	4.897931e-04	4.682824e-04
9.438438e+00	4.882971e-04	4.627451e-04
9.451451e+00	4.869220e-04	4.572733e-04
9.464464e+00	4.856671e-04	4.518661e-04
9.477477e+00	4.845316e-04	4.465229e-04
9.490490e+00	4.835145e-04	4.412428e-04
9.503504e+00	4.826151e-04	4.360252e-04
9.516517e+00	4.818325e-04	4.308693e-04
9.529530e+00	4.811660e-04	4.257743e-04
9.542543e+00	4.806148e-04	4.207396e-04
9.555556e+00	4.801780e-04	4.157644e-04
9.568569e+00	4.798549e-04	4.108480e-04
9.581582e+00	4.796447e-04	4.059898e-04
9.594595e+00	4.795467e-04	4.011890e-04
9.607608e+00	4.795600e-04	3.964449e-04
9.620621e+00	4.796839e-04	3.917570e-04
9.633634e+00	4.799178e-04	3.871245e-04
9.646647e+00	4.802607e-04	3.825467e-04
9.659660e+00	4.807120e-04	3.780231e-04
9.672673e+00	4.812711e-04	3.735530e-04
9.685686e+00	4.819370e-04	3.691357e-04
9.698699e+00	4.827092e-04	3.647706e-04
9.711712e+00	4.835870e-04	3.604572e-04
9.724725e+00	4.845695e-04	3.561947e-04
9.737738e+00	4.856562e-04	3.519827e-04
9.750751e+00	4.868464e-04	3.478205e-04
9.763764e+00	4.881393e-04	3.437074e-04
9.776777e+00	4.895343e-04	3.396430e-04
9.789790e+00	4.910308e-04	3.356267e-04
9.802803e+00	4.926280e-04	3.316579e-04
9.815816e+00	4.943253e-04	3.277359e-04
9.828829e+00	4.961221e-04	3.238604e-04
9.841842e+00	4.980177e-04	3.200307e-04
9.854855e+00	5.000114e-04	3.162463e-04
9.867868e+00	5.021027e-04	3.125066e-04
9.880881e+00	5.042909e-04	3.088111e-04
9.893894e+00	5.065754e-04	3.051593e-04
9.906907e+00	5.089556e-04	3.015507e-04
9.919920e+00	5.114309e-04	2.979848e-04
9.932933e+00	5.140006e-04	2.944610e-04
9.945946e+00	5.166642e-04	2.909790e-04
9.958959e+00	5.194210e-04	2.875380e-04
9.971972e+00	5.222705e-04	2.841378e-04
9.984985e+00	5.252121e-04	2.807778e-04
9.997998e+00	5.282453e-04	2.774575e-04
1.001101e+01	5.313693e-04	2.741764e-04
1.002402e+01	5.345838e-04	2.709342e-04
1.003704e+01	5.378881e-04	2.677303e-04
1.005005e+01	5.412816e-04	2.645643e-04
1.006306e+01	5.447638e-04	2.614357e-04
1.007608e+01	5.483342e-04	2.583441e-04
1.008909e+01	5.519922e-04	2.552891e-04
1.010210e+01	5.557373e-04	2.522702e-04
1.011512e+01	5.595689e-04	2.492870e-04
1.012813e+01	5.634866e-04	2.463390e-04
1.014114e+01	5.674897e-04	2.434260e-04
1.015415e+01	5.715778e-04	2.405473e-04
1.016717e+01	5.757503e-04	2.377028e-04
1.018018e+01	5.800068e-04	2.348918e-04
1.019319e+01	5.843468e-04	2.321141e-04
1.020621e+01	5.887697e-04	2.293692e-04
1.021922e+01	5.932750e-04	2.266568e-04
1.023223e+01	5.978623e-04	2.239765e-04
1.024525e+01	6.025310e-04	2.213278e-04
1.025826e+01	6.072807e-04	2.187105e-04
1.027127e+01	6.121109e-04	2.161241e-04
1.028428e+01	6.170212e-04	2.135683e-04
1.029730e+01	6.220110e-04	2.110428e-04
1.031031e+01	6.270798e-04	2.085471e-04
1.032332e+01	6.322273e-04	2.060809e-04
1.033634e+01	6.374530e-04	2.036439e-04
1.034935e+01	6.427563e-04	2.012356e-04
1.036236e+01	6.481369e-04	1.988559e-04
1.037538e+01	6.535944e-04	1.965043e-04
1.038839e+01	6.591281e-04	1.941805e-04
1.040140e+01	6.647378e-04	1.918842e-04
1.041441e+01	6.704230e-04	1.896151e-04
1.042743e+01	6.761833e-04	1.873727e-04
1.044044e+01	6.820181e-04	1.851569e-04
1.045345e+01	6.879272e-04	1.829673e-04
1.046647e+01	6.939101e-04	1.808036e-04
1.047948e+01	6.999663e-04	1.786655e-04
1.049249e+01	7.060954e-04	1.765527e-04
1.050551e+01	7.122971e-04	1.744648e-04
1.051852e+01	7.185709e-04	1.724016e-04
1.053153e+01	7.249165e-04	1.703629e-04
1.054454e+01	7.313334e-04	1.683482e-04
1.055756e+01	7.378212e-04	1.663574e-04
1.057057e+01	7.443795e-04	1.643901e-04
1.058358e+01	7.510080e-04	1.624460e-04
1.059660e+01	7.577062e-04	1.605250e-04
1.060961e+01	7.644738e-04	1.586267e-04
1.062262e+01	7.713104e-04	1.567508e-04
1.063564e+01	7.782156e-04	1.548971e-04
1.064865e+01	7.851890e-04	1.530653e-04
1.066166e+01	7.922304e-04	1.512552e-04
1.067467e+01	7.993392e-04	1.494665e-04
1.068769e+01	8.065151e-04	1.476989e-04
1.070070e+01	8.137578e-04	1.459523e-04
1.071371e+01	8.210670e-04	1.442263e-04
1.072673e+01	8.284422e-04	1.425207e-04
1.073974e+01	8.358831e-04	1.408353e-04
1.075275e+01	8.433893e-04	1.391698e-04
1.076577e+01	8.509606e-04	1.375240e-04
1.077878e+01	8.585965e-04	1.358977e-04
1.079179e+01	8.662967e-04	1.342906e-04
1.080480e+01	8.740609e-04	1.327025e-04
1.081782e+01	8.818888e-04	1.311332e-04
1.083083e+01	8.897800e-04	1.295824e-04
1.084384e+01	8.977341e-04	1.280500e-04
1.085686e+01	9.057509e-04	1.265357e-04
1.086987e+01	9.138301e-04	1.250393e-04
1.088288e+01	9.219712e-04	1.235606e-04
1.089590e+01	9.301740e-04	1.220994e-04
1.090891e+01	9.384382e-04	1.206555e-04
1.092192e+01	9.467635e-04	1.192286e-04
1.093493e+01	9.551494e-04	1.178186e-04
1.094795e+01	9.635959e-04	1.164253e-04
1.096096e+01	9.721024e-04	1.150485e-04
1.097397e+01	9.806687e-04	1.136879e-04
1.098699e+01	9.892946e-04	1.123435e-04
1.100000e+01	9.979797e-04	1.110149e-04
