0.781366
1.005619
0.780306
-0.644363
0.730639
0.560263
0.797678
1.000470
0.887450
0.638015
-1.220567
1.400724
0.533527
-1.321177
-1.539582
-0.312415
-1.241509
1.454016
1.243183
-0.758257
-0.218131
1.393642
0.712096
-0.371191
-0.368126
0.169902
-0.334534
1.694340
1.388007
0.022322
0.224981
1.307630
1.232369
0.325844
0.053530
0.545162
0.278044
1.454599
1.243618
0.504053
-0.346937
1.283377
1.045848
-0.492570
-0.720470
0.669739
-0.369220
1.199344
1.058386
-0.385056
-0.809687
1.261442
0.818877
-0.943112
-1.316707
0.226655
-0.687154
1.272937
1.164817
-0.362775
-1.230864
0.279211
-0.338122
-1.114769
-2.535373
-0.078611
-1.353578
0.840503
0.614995
-0.634010
-1.330347
0.132526
-0.442978
-0.938471
-1.551147
-0.654716
-1.419617
0.753055
0.253695
-0.952131
-1.238216
-0.869874
-0.886265
-1.089095
-1.163335
-0.876189
-1.364299
-0.127686
-0.606726
-0.521668
0.707476
0.917679
1.218477
0.896016
1.206780
0.906452
0.771016
1.563549
1.172298
1.265534
-0.029066
1.507364
0.700595
-0.114875
-0.407487
0.108972
-0.040814
1.523593
0.980464
0.292624
-0.963788
-0.933972
-1.179151
-0.410020
-0.541640
-1.275387
-1.010007
-0.342702
-0.832538
-0.590706
0.350135
-0.376452
-0.247265
0.801856
0.921062
0.489652
-0.245516
-0.624158
0.453930
-0.591665
0.295934
0.107834
0.192820
-0.110509
-1.296743
-1.083816
-1.795430
0.257771
0.055699
-1.090389
0.764890
0.341752
0.201525
0.343066
-1.950789
-1.592930
-0.676679
0.810168
0.576392
-1.200456
-0.708120
-0.227663
-0.865100
-2.563419
-0.682261
-0.644946
-0.347226
-0.182632
-1.056408
-0.807097
-1.273368
-1.264991
-1.314857
-0.168536
0.044429
-0.024007
0.093292
-0.977428
-0.793787
0.545093
0.600732
0.245452
0.489463
0.350546
-0.825252
-0.767513
-1.361079
0.423096
0.827246
-1.048121
-0.726634
0.512479
-0.421696
0.379372
1.932780
1.620687
1.038044
-0.931197
-0.175114
1.015385
-0.963412
-0.102261
-1.537333
-1.177614
-0.874912
-1.145543
-1.181261
0.048505
-1.983469
-1.013328
-1.196187
-1.239367
-0.893342
-0.037095
0.493237
0.704683
0.942017
-1.259146
-0.258547
1.042116
-0.645470
-0.217336
-0.696786
-1.028403
-0.348890
-0.481173
-0.215278
-0.292556
-0.696060
-0.044449
-0.624513
-1.253735
-0.510782
0.132591
-0.248872
-0.233877
0.017042
-0.325829
-0.692561
-0.166439
-1.540132
-1.204549
-1.105848
-0.292504
-0.671918
0.378596
-2.064310
0.214612
-0.738290
-0.126502
-0.655326
-1.582350
0.424375
0.899210
-0.494053
0.964639
0.262832
1.486115
0.311630
0.327684
0.891544
0.977377
-0.711911
0.392275
0.377103
-0.687488
-0.485271
-1.229124
-0.448138
1.307994
0.654807
0.713249
-1.167964
0.853705
0.235305
-0.585164
-0.724007
-0.521376
-0.884934
1.083031
-0.690777
-0.897060
-0.364880
-0.740405
-0.500132
0.539687
-0.761331
-0.223396
-0.723602
-1.576271
-0.512886
-1.122904
0.355087
0.270347
-1.275200
1.164577
1.189190
1.017664
0.733613
0.383627
-0.157530
-0.379512
-0.552857
0.197894
-0.559340
0.278187
0.047323
0.692249
-0.136535
-0.487449
-0.382164
-0.240326
-0.228464
-0.219895
-0.381886
-0.009396
1.077832
0.040802
0.327776
-0.275450
-0.259774
-0.617660
0.143216
1.584764
-0.867635
0.982306
0.788373
1.135561
0.409428
0.409371
0.089693
-0.128132
1.044843
0.248347
-0.076130
0.108267
0.863919
-0.003900
0.883240
0.411522
-0.823428
-1.446826
-0.859207
-1.314520
-0.781946
1.637859
0.077074
-0.247485
-0.777849
-0.517289
0.382048
0.679346
0.065718
1.526865
0.448709
0.068141
-0.951370
0.090368
-0.533152
0.815130
-0.673130
0.484185
0.316318
0.660384
-0.211903
-0.046112
-0.160005
-0.923597
-0.354231
1.345929
-0.831702
0.691226
0.142306
-0.790609
-0.229133
-0.075521
-0.605538
0.519450
0.291436
-1.304183
-0.220664
0.069651
0.673274
0.988326
0.541286
0.236337
-0.376224
-0.004416
-0.739367
-0.442435
0.275421
0.426715
0.337327
0.324546
1.369199
0.011865
-0.280217
0.963843
0.373867
0.179570
-0.410250
0.536198
-0.320243
-0.277774
-0.797176
-0.684879
-0.066899
0.933859
-0.564649
-0.180295
0.588307
-0.176622
-0.333472
0.140646
0.595302
-0.137307
0.073221
0.586812
1.009739
-0.342950
0.180882
0.654069
0.376553
-1.028567
0.352757
-0.774957
-0.541823
0.029764
0.151909
-0.617862
0.710205
0.394850
-0.228401
0.945159
0.044409
0.114993
0.075850
0.995657
-0.364848
0.182909
0.821045
-0.139274
-0.072612
0.510859
0.264512
0.437733
-0.197108
0.790207
-0.629133
-0.105327
-0.866573
1.222720
0.497257
-0.097869
-0.417015
0.203513
-0.506397
1.080741
0.157127
-0.518172
-0.002627
0.116685
-0.570895
-2.069070
0.130769
-1.839644
-2.400388
-1.031753
-0.856089
0.279546
0.451910
0.354606
-0.327399
-0.084210
-0.115264
-0.043378
-0.756534
0.933979
0.598756
0.179385
0.201798
-0.050641
0.345621
-0.487016
0.057564
0.298207
-0.438122
0.385274
0.361588
0.313269
0.137754
0.387593
0.324114
-0.686335
-0.244425
-0.010624
0.398571
0.355666
0.402514
0.168383
0.812434
0.712701
-0.472690
0.168783
0.702251
0.702564
-0.187308
1.015592
0.861073
0.585362
-0.071644
0.215699
-0.009294
0.331907
-0.430004
-0.303828
0.012646
-0.175461
-0.252640
-0.475268
-0.821236
0.481981
-0.373319
-0.671118
0.224577
-0.064966
-0.295818
-0.301876
-0.745929
0.327364
-0.216008
-0.285237
0.334018
-0.484279
0.057443
-0.059580
-0.548469
0.031797
0.114096
-0.095312
-0.502558
0.529415
0.415306
0.901097
0.196062
0.844446
0.089591
0.547857
0.806356
0.556539
-1.074828
0.941562
-0.211610
-0.616186
0.432523
0.159507
-0.251609
-0.602401
-0.526443
0.402340
0.324090
-0.273633
-0.313236
-1.012322
-0.294764
0.242921
-0.563875
-0.279662
-0.143036
-0.177798
-0.035640
-1.213017
-1.251864
0.994822
0.157667
-0.089799
0.081449
-0.269868
0.000199
-1.000860
0.003607
-0.005190
0.025014
0.004595
0.015775
-0.083738
0.000331
-0.223642
-0.153692
0.005745
-0.005467
