-0.080452
-0.448343
0.434886
-0.069818
-0.108343
0.322681
0.283990
-0.180850
0.067091
0.031262
0.096800
0.321901
0.335039
-0.233033
0.402678
0.250482
0.305846
-0.115177
0.314066
0.075026
0.082734
-0.196472
0.282702
0.344912
0.377278
-0.391450
0.034031
0.689670
-0.272985
-0.121847
0.057126
0.287384
0.452376
0.472945
0.095488
-0.086684
-0.048881
0.301257
0.421805
0.338224
-0.302573
0.342351
-0.129408
0.338429
0.272247
-0.463047
-0.309471
0.393535
0.166414
0.338582
-0.160727
-0.866787
0.129587
-0.311910
0.047424
-0.388191
0.543044
-0.604827
0.063507
0.419935
1.172810
0.449539
-0.373973
0.005095
-0.005560
0.671266
0.102542
-0.198436
0.090725
-0.345288
-0.163582
-0.408114
-0.062088
0.581930
0.339131
-0.646105
0.243790
0.707445
-0.493836
-0.355995
-0.039517
-0.414843
-0.045700
0.301066
-0.355464
-0.153409
0.121581
-0.401813
0.692833
0.808719
-0.611919
-0.155193
-0.424095
0.555132
0.518631
-0.661205
-0.367427
0.408459
0.420501
0.393688
-0.218955
0.230366
0.176870
0.143038
-0.008204
-0.465805
-0.611210
0.156323
-0.456608
0.046334
-0.909396
-0.451222
0.287535
-0.560432
0.385631
-0.761590
-0.735474
-0.018359
0.295322
-0.037422
0.023036
-0.414006
0.201163
0.321382
0.151830
0.276945
0.303579
-0.476820
-0.554808
-0.419998
0.267123
0.040444
-0.257264
0.297521
-0.167495
-0.087954
0.054155
-0.262476
-0.377516
-0.907121
-0.384619
-0.295626
-0.211124
-0.301535
-0.748742
-0.007604
-0.887457
0.560846
-0.101840
-0.420448
-0.260741
-0.370234
-0.528257
-0.452752
-0.334244
-0.556432
-0.225532
-0.355495
-0.646447
-0.656201
-0.432821
-0.697547
-0.348310
-0.606236
-0.643812
-0.559417
-0.733646
-0.217973
-0.455487
-0.377175
-0.572838
-0.539082
-0.368665
-0.627506
-0.305405
-0.222935
-0.658437
-0.306074
-0.456292
-0.605144
-0.355954
-0.499708
-0.390760
-0.398712
-0.612414
-0.171106
0.025888
-0.535923
-0.613077
-0.311223
-0.717781
-0.499980
-0.040530
-0.532158
-0.400586
-0.097398
-0.702431
-0.212030
-0.542272
-0.521183
-0.551017
-0.044082
0.150192
-0.352044
-0.078751
-0.282590
-0.198546
-0.325272
-0.205872
-0.333620
-0.290979
-0.421339
-0.638845
-0.503311
0.056257
-0.648077
-0.488396
-0.024183
-0.487463
-0.296732
-0.501721
-0.522091
-0.227867
-0.193185
-0.379134
-0.215713
0.320707
0.304946
-0.595715
-0.663823
-0.124407
0.063890
-0.133022
-0.159204
-0.615689
-0.560330
-0.281130
-0.113969
-0.523126
-0.574855
-0.267889
-0.427222
-0.021829
-0.443457
-0.581342
-0.000797
-0.346685
-0.211340
-0.537902
-0.714968
-0.236378
0.009523
0.047622
0.074623
0.019600
-0.816207
-0.497749
-0.292628
-0.469388
-0.076007
-0.468678
-0.385203
-0.488441
-0.377715
-0.073907
-0.279785
-0.683379
-0.409989
-0.335059
-0.052669
-0.184801
-0.732255
0.039023
0.602319
-0.298065
0.050077
0.150154
-0.363115
-1.123562
-0.877120
-0.122135
-0.938051
-0.855307
-0.159709
-0.599344
-0.014347
0.284184
-0.832067
-0.557972
-0.301495
-0.801014
-0.659129
-0.231872
-0.363924
-0.520218
-0.214091
-1.017303
0.416337
-0.093128
-0.438635
-0.415942
-0.334811
-0.464130
-0.066084
-0.374891
-0.212365
-0.122402
-0.172609
-0.181138
-0.533161
-0.164125
-0.213563
-0.305905
-0.305683
-0.262215
-0.156269
-0.465598
0.022885
-0.308364
-0.339922
-0.246066
-0.345263
0.074302
0.058363
-0.161163
-0.170313
0.127983
-0.275009
-0.446674
-0.060672
0.092710
-0.440829
-0.216076
-0.544785
-0.555023
-0.041267
-0.331186
-0.110136
-0.693784
-0.545166
-0.408435
-0.408931
-0.217658
-0.168368
-0.274903
-0.143100
-0.553735
-0.164309
-0.462140
-0.229953
-0.125865
-0.473983
-0.455195
-0.094719
-0.404166
-0.089775
-0.258809
-0.221502
-0.548851
-0.213371
-0.042709
-0.082795
-0.286270
-0.474821
-0.477165
-0.362148
-0.121757
-0.159271
-0.574956
-0.392026
-0.480486
-0.664588
-0.048492
-0.554536
-0.456018
-0.127975
-0.688780
-0.364117
-0.279071
-0.609013
-0.570745
-0.461415
-0.231865
-0.768633
-0.429075
-0.126739
-0.418319
-0.188929
-0.622846
-0.412142
-0.429482
-0.553102
-0.265871
-0.259383
-0.315495
-0.434164
-0.322939
-0.110532
-0.203520
-0.553238
-0.031502
-0.210808
-0.159494
-0.142450
0.062747
-0.646884
-0.393242
-0.061613
-0.249989
-0.534982
-0.282012
-0.592802
-0.435770
-0.694771
-0.230462
-0.544304
-0.583456
-0.063376
-0.174031
-0.500523
-0.365201
-0.424092
-0.144742
0.296604
-0.413638
-0.254672
-0.039091
-0.372379
-0.696029
-0.621140
-0.263359
-0.279584
-0.580724
-0.526609
-0.432383
-0.198054
-0.146773
-0.306976
-0.504854
-0.630360
-0.752948
-0.598519
0.096361
-0.456664
-0.700761
-0.160112
-0.703189
0.088231
-0.314849
-0.599931
0.379840
-0.424452
0.790005
0.271143
0.397654
0.397486
0.631057
-0.321686
-0.285432
0.297271
0.645254
0.818917
0.991763
-0.488598
0.786556
0.637429
0.679700
0.420623
1.077524
-0.250637
0.584431
-0.028745
0.829279
0.270125
0.328806
-0.593735
0.126068
0.466166
-0.222725
0.240973
0.137999
0.430098
0.747240
0.289884
0.472891
0.357579
0.349375
0.751362
0.050523
0.598093
-0.523803
0.662525
-0.352822
0.763034
0.277429
-0.336808
-0.295993
1.022550
0.146666
0.790085
-0.044109
0.399350
0.231373
-0.012199
0.799079
0.327898
0.377463
0.219747
-0.877171
-0.496593
0.410557
0.546601
0.533075
-0.941772
1.566967
0.326960
0.670102
0.086668
0.455187
0.237422
0.244863
-0.875433
0.506311
0.568447
-0.129539
-0.353351
1.553351
0.518345
-0.806330
0.759470
-0.383069
0.508898
0.560809
-0.224086
0.624220
-0.273277
-0.367276
0.519926
-0.784614
0.520502
-0.944549
0.451555
0.369412
0.297024
0.605329
0.095902
-0.854931
0.498255
-0.501551
0.309899
0.019548
-0.374921
-0.602419
-0.307792
-0.475814
-0.131806
-0.139583
-0.537050
-0.367800
-0.622111
-0.113028
-0.287155
-0.374001
-0.070031
-0.428707
-0.173711
-0.116829
-0.315847
-0.229601
-0.727789
-0.498210
-0.268687
-0.309766
-0.870599
-0.596354
-0.359321
-0.361420
-0.083597
-0.429903
-0.234395
-0.316657
-0.316776
-0.277299
-0.527338
-0.442607
0.055764
-0.357569
-0.394633
-0.673838
-0.197380
-0.478737
-0.118335
-0.146620
-0.413718
-0.298002
-0.202973
-0.335906
-0.336686
-0.547103
-0.429553
-0.286358
-0.249946
-0.638009
-0.387766
-0.525358
-0.523191
-0.469157
-0.418889
-0.555507
-0.524037
-0.194408
-0.202480
-0.325378
-0.612204
-0.274426
-0.209629
-0.357491
-0.186401
-0.351743
-0.522815
-0.684521
-0.356708
-0.289688
-0.560367
-0.645040
-0.222643
-0.457694
-0.043284
-0.232101
-0.182256
-0.406267
-0.336476
-0.263909
-0.580847
-0.338201
-0.349680
-0.048691
-0.110451
-0.918671
-0.315512
-0.651642
-0.445414
-0.322181
-0.436727
-0.486100
-0.498641
-0.551199
-0.271053
-0.410272
-0.261293
0.101466
-0.247031
-0.581107
-0.245982
-0.441652
-0.255872
-0.301884
-0.374176
-0.237393
-0.516671
-0.168717
-0.107233
-0.187389
-0.576207
-0.543244
-0.380874
-0.138400
-0.249949
-0.104703
-0.523450
-0.665638
-0.508430
-0.189081
-0.775066
-0.647986
-0.097120
-0.330868
0.078215
-0.272133
-0.416813
-0.384470
-0.388847
-0.106804
-0.449667
-0.668282
-0.210984
-0.438888
-0.144342
-0.780739
-0.207790
-0.637886
-0.368326
-0.390286
-0.471959
-0.305548
-0.448023
-0.351167
-0.469415
-0.168263
-0.308690
0.398892
-0.564221
0.765435
0.660384
0.445389
0.547800
0.697092
-0.393711
0.269880
0.636577
0.417125
0.631098
0.872140
-0.437445
0.485731
0.749837
0.701680
0.314223
0.693838
-0.401729
0.338661
-0.000835
0.661651
0.243170
0.589809
-0.423222
0.614632
0.380066
-0.183562
0.163431
0.379265
0.435083
0.353271
0.605284
0.726873
0.494488
0.621838
0.307762
-0.062932
0.670920
-0.415682
0.402117
-0.550716
0.596437
0.693387
-0.295656
-0.121570
0.707049
0.233202
0.793874
0.019691
-0.300882
-0.939073
-0.273728
-0.353034
-0.113107
-0.240725
-0.143379
-0.095667
-0.161347
-0.040638
0.139211
-0.565222
-0.330807
-0.258688
-0.155938
-0.208049
0.033819
-0.370121
-0.696223
-0.323565
-0.350728
-0.421783
-0.709744
-0.368647
0.031981
-0.087169
0.113490
-0.306379
0.203383
-0.129799
-0.462284
-0.117862
-0.495667
-0.449153
0.323538
-0.078246
-0.117694
-1.148290
-0.218351
-0.228555
0.053235
-0.302436
0.024170
0.129741
-0.048091
-0.546275
-0.383110
-0.490170
-0.045653
0.277540
-0.375953
1.112823
0.374121
0.447281
0.398181
0.346300
-0.315799
0.289967
0.277847
0.444688
0.451572
0.607706
0.173259
0.718513
0.777010
0.309423
0.164632
0.926741
0.275148
0.558834
0.281539
0.501557
0.272400
0.125538
-0.397610
0.382974
0.580945
0.371807
-0.075393
0.196957
0.264513
0.374124
0.114772
0.649545
0.240815
0.380283
0.567887
0.290670
0.367775
0.077771
0.332736
-0.187885
0.359283
0.679147
-0.182870
0.221127
0.785606
0.318108
0.254389
0.166261
-0.112383
-0.576567
-0.345137
-0.015314
0.051136
-0.188682
-0.061934
-0.142390
-0.199026
0.192567
-0.013566
-0.365731
-0.183459
-0.097012
0.023750
-0.189739
0.201956
-0.184197
-0.575530
-0.429410
-0.024569
-0.404341
-0.715347
-0.732166
-0.259222
-0.260243
0.037534
-0.445068
0.311203
-0.366512
-0.154055
-0.135951
-0.787716
-0.586125
0.387733
-0.202759
-0.298477
-0.903823
-0.049348
-0.379184
0.031643
-0.407694
-0.126561
-0.111198
-0.392332
-0.361778
-0.291991
-0.193005
-0.142776
-0.263968
-0.417202
-0.552777
-0.422989
-0.260366
-0.326153
-0.156144
-0.121400
-0.397997
-0.134447
-0.488751
-0.235994
-0.464505
-0.342756
-0.635680
-0.569738
-0.476005
-0.255462
-0.438493
-0.503914
-0.771413
-0.743634
-0.373899
-0.529067
-0.596915
-0.157127
-0.603072
-0.190556
-0.296627
-0.288867
-0.409974
-0.439162
-0.370756
-0.485905
-0.606072
-0.233004
-0.384152
-0.319209
-0.782387
-0.282650
-0.372324
-0.724205
-0.041272
-0.163492
-0.564385
-0.340224
-0.346263
-0.235215
-0.428816
-0.583380
-0.439067
-0.354976
-0.346434
-0.070263
-0.413438
-0.344676
-0.281239
-0.387428
-0.399250
-0.498076
-0.429502
-0.501672
-0.238492
-0.280179
-0.249398
-0.328362
-0.441114
-0.259592
-0.160762
-0.546069
-0.273416
-0.349736
-0.364230
-0.180371
-0.639560
-0.472768
-0.463867
-0.073305
-0.350680
-0.445660
-0.236180
-0.516994
-0.633634
-0.427165
-0.284009
-0.347571
-0.322738
-0.556949
-0.519700
-0.513305
-0.425415
-0.583556
-0.341609
-0.426194
-0.593984
-0.251097
-0.280882
-0.423295
-0.332426
-0.563811
0.810097
1.270658
2.995087
0.496527
0.062716
0.265577
0.486138
0.794228
0.114475
0.832108
0.831070
0.550417
0.964222
0.544278
0.241586
0.757081
0.202217
0.525756
1.221823
0.711824
0.750184
0.085371
1.012486
0.096204
0.371746
1.028842
0.323468
0.408765
-0.724110
0.319383
0.109282
0.122550
0.295985
0.035987
0.681471
0.680960
0.703195
-0.014164
0.472177
0.546875
-0.705363
0.167737
1.003358
0.761786
0.616087
1.167653
-0.955798
1.404697
0.625605
0.465332
-0.284296
-0.667060
-0.161247
-0.760813
-0.358292
0.292461
0.448180
0.288127
-0.602441
-0.776701
0.560073
0.441809
0.458806
-0.609173
0.501987
0.520084
0.212449
-0.595952
0.092226
-0.432582
0.183409
-0.893994
0.172425
-1.238517
-0.729392
-0.719342
-0.774879
0.946914
-0.777821
-0.458877
-0.441260
0.153099
0.287685
-0.588752
0.306501
-0.633048
-0.469605
0.399526
-1.011972
0.551798
-0.808872
0.463627
0.240154
0.676295
0.509661
-0.236164
-0.824968
0.195270
-0.502194
0.397827
-0.273331
-0.445572
-0.314908
-0.438772
-0.513053
-0.506644
-0.516167
-0.264609
-0.146048
-0.587164
-0.147877
-0.279196
-0.628362
-0.126809
-0.494107
-0.270881
-0.129507
-0.277492
-0.502510
-0.434199
-0.674408
-0.534723
-0.440189
-0.631200
-0.460535
-0.139086
-0.594333
-0.183053
-0.540866
-0.445512
-0.323582
-0.227712
-0.394073
-0.595217
-0.610634
-0.093486
-0.455011
-0.330913
-0.623349
-0.040004
-0.371908
-0.364526
-0.133943
-0.477808
-0.305632
-0.258459
-0.643007
-0.442137
-0.451490
-0.536378
-0.442728
-0.910164
-0.412455
-0.261592
-0.754521
0.447205
0.569762
0.116909
-0.475547
-0.678650
0.458436
0.308769
0.296494
-0.776445
-0.128482
0.281808
0.399130
-0.833388
-0.089817
-0.150191
-0.109519
-0.699982
-0.018228
-1.036801
-0.533728
-0.764920
-0.721569
0.408621
-0.902467
-0.226680
-0.727080
0.179716
0.350880
-0.798528
0.015865
-0.321809
-0.774825
0.354344
-0.717109
0.567636
-0.759796
0.350474
-0.052725
0.280813
0.565431
-0.347871
-0.809223
0.396345
-0.868405
0.407390
-0.719216
-0.119816
0.153835
-0.513244
-0.456521
-0.502386
-0.916796
0.097762
-0.550439
-0.756135
-0.924080
-0.622476
-0.570340
0.470175
-0.472099
-0.725839
-0.906508
-0.343339
-0.724719
-0.326250
-1.064117
-0.703106
-0.899926
-0.234391
-0.814338
0.360193
-0.390929
-0.164793
-0.410682
-1.004170
-0.558623
-0.769059
-0.918699
-0.600630
-0.998325
-0.535571
-0.423305
-0.449297
-0.954631
-0.561894
-0.148715
-0.881589
0.318794
-0.920457
-0.805972
0.101114
-0.635135
-0.709554
-0.440364
-0.645533
0.815003
1.264595
3.039682
0.830453
0.258227
0.421660
0.683566
1.041910
0.210054
0.849233
0.626482
0.616738
1.111985
0.633309
0.186335
0.586850
0.578646
0.512728
0.750919
1.182676
0.554465
0.370693
1.280887
-0.000395
0.229042
1.481909
0.106393
0.411452
-0.239888
0.626618
0.162158
0.489232
0.275195
0.233532
0.678880
1.269585
0.776691
0.254172
0.375985
0.692458
-0.078266
0.379597
0.648529
0.374840
0.482860
0.818642
-0.228370
0.943677
0.765415
0.423811
-0.254997
-0.277848
-0.482540
-0.042730
-0.228914
-0.505387
-0.110038
-0.393083
-0.442609
-0.202818
-0.498165
-0.448821
-0.284250
-0.087196
-0.291087
-0.193005
-0.576090
-0.138340
-0.330069
-0.308901
-0.490901
-0.305146
-0.461308
-0.590892
-0.461442
-0.140297
-0.497710
-0.225796
-0.638932
-0.572911
-0.570512
-0.395644
-0.321759
-0.466292
-0.341153
-0.351034
-0.331477
-0.411795
-0.451427
-0.449394
-0.348493
-0.286346
-0.133476
-0.463835
-0.083397
-0.376714
-0.428925
-0.079922
-0.529963
-0.334793
-0.158540
-0.066404
-0.408393
-0.629071
-0.357359
0.234321
0.362882
-0.085618
-0.752435
-0.540876
0.731384
0.480326
0.148131
-0.486016
-0.031882
0.416510
0.280152
-0.206167
0.113312
-0.590115
0.214888
-0.697387
0.007801
-0.904362
-0.674707
-0.173665
-0.423266
0.916891
-0.835594
0.132631
-0.602225
0.171285
0.473738
-0.602251
0.271932
-0.504412
-0.398963
0.295274
-0.906123
0.793350
-0.764863
0.243498
-0.190603
0.384158
0.467691
-0.097508
-0.983238
0.528001
-0.690017
0.262398
0.714068
-0.529408
1.265634
0.979670
0.755751
0.778672
0.297866
-0.288348
0.883203
0.334380
0.421935
0.427613
0.501346
0.131494
0.465340
0.632131
0.392521
0.531704
0.785087
-0.221436
0.515523
0.737059
0.600868
0.238657
0.404204
-0.081399
0.673677
0.779216
0.491502
0.579838
0.317245
0.893549
0.734237
0.302703
0.312715
0.662836
0.605287
0.590501
0.514232
0.562454
0.630105
0.550486
-0.532943
0.509418
0.359320
-0.396840
0.435244
0.797820
0.530956
0.459101
-0.344415
-0.151024
-0.265094
-0.187987
-0.119276
-0.497240
-0.459351
0.002383
-0.406328
-0.588192
-0.488448
-0.632685
-0.803553
0.190716
-0.658538
-0.809004
-0.633932
-0.156964
-0.422447
-0.540694
-0.906285
-0.661529
-0.482426
-0.173286
-0.798682
0.100059
-0.588083
0.006975
-0.099652
-0.777971
-0.431649
-0.405153
-0.875660
-0.430973
-0.809264
-0.574512
-0.430431
-0.839245
-0.587796
-0.467677
0.074086
-0.444015
0.179981
-0.600801
-0.536512
0.094488
-0.306092
-0.405697
-0.770770
-0.837030
0.195907
0.098794
-0.777875
0.029864
-0.164945
-0.511434
-0.089110
-0.391134
-0.771671
-0.115559
-0.257184
-0.031417
0.085724
-0.446392
-0.492109
-0.070799
-0.191272
-0.369817
-0.399341
-1.410476
-0.004717
-0.138378
-0.053930
-0.767363
-0.400607
0.215571
-0.214509
0.180772
-0.224706
0.554779
0.003979
-0.093265
-0.500118
-0.176930
0.020959
0.046429
0.168077
-0.552883
-0.269241
0.173839
-0.115009
-0.168399
-0.296618
-0.449535
-0.356717
0.014591
-0.316920
0.042223
0.030578
-0.492028
-0.190940
-0.134344
-0.554288
0.098551
0.785502
-0.385662
-0.008877
-0.372554
-0.503184
0.211987
0.177494
-0.220815
0.007362
-0.588600
0.732061
-0.020711
-0.338703
0.122890
-0.115413
0.077203
-0.250594
-0.549257
0.215649
1.333206
0.064230
0.016226
0.993093
0.111944
-0.618817
-0.203340
0.203663
-0.155876
-0.376853
0.184058
-0.401522
-0.250846
0.000421
-0.101467
0.003604
-0.345259
-0.776007
-0.148198
-0.452091
0.005977
-0.332783
-0.661354
-0.619989
-0.097262
-0.165468
-0.185270
0.018959
-0.437107
0.887196
0.610311
0.245485
0.630063
0.670739
-0.208433
-0.037189
0.211912
0.674411
0.531228
0.837504
-0.099866
0.531749
0.450370
0.841754
0.575203
0.875476
-0.126365
0.725305
-0.060432
0.942565
0.120041
0.250953
-0.230238
0.208800
0.957005
-0.169502
0.234019
-0.006003
0.622963
0.663594
0.351455
0.657901
0.064168
0.334579
0.508432
0.102022
0.808619
-0.035693
0.757027
-0.381774
0.613818
0.730718
-0.188928
0.143720
0.764158
0.093052
0.703383
0.957466
0.052582
1.932589
1.032141
0.710252
0.672098
0.546233
0.059970
0.734117
0.536683
0.776615
0.467407
0.746825
-0.088574
0.129348
0.449738
0.533407
0.639533
0.700207
0.223657
0.456529
0.598668
0.954830
0.179212
0.383637
0.082688
0.228298
0.552769
0.655958
0.443472
0.571302
0.762487
0.525764
0.608624
0.366275
0.823845
0.875342
0.733286
0.235839
0.440761
0.136056
0.519981
-0.146159
0.599453
0.498963
0.254115
0.294698
0.888736
0.902597
0.791313
-0.280034
-0.336319
-0.547076
-0.271957
-0.437010
-0.413820
-0.219191
0.112662
-0.634622
-0.479274
-0.305981
-0.552378
-0.390161
-0.281837
-0.526473
-0.657122
-0.638548
-0.241649
-0.161711
-0.243031
-0.299184
-0.462480
-0.407948
-0.115809
-0.366066
-0.261176
0.031424
-0.386952
-0.611092
-0.600831
0.111395
-0.326094
-0.588517
-0.240067
-0.296865
-0.319763
0.028834
-0.650282
-0.537850
-0.438707
-0.817287
-0.656927
-0.089322
-0.522998
-0.370041
0.013951
-0.469412
0.039667
-0.373677
-0.396195
-0.212053
-0.515506
-0.295610
-0.656930
-0.616654
0.427293
0.229510
0.018065
-0.292992
-0.847632
-0.002346
-0.015933
0.049721
-0.631454
0.044539
-0.010944
0.384536
-0.366239
0.053185
-0.596034
-0.077320
-0.497571
-0.076616
-1.105525
-0.666632
-0.489704
-0.817094
0.290124
-0.385992
-0.243882
-0.673711
0.458112
0.095956
-0.401357
-0.040367
-0.200832
-0.581050
0.383637
-1.126731
-0.268380
-0.546614
0.382346
0.212394
0.091193
0.043828
-0.128279
-0.405385
0.066372
-0.920320
-0.122240
-0.077047
-0.512702
-0.341146
-0.090470
-0.132578
0.121889
0.085649
-0.195583
0.066451
-0.697746
-0.056332
0.258743
-0.202460
-0.497955
0.155018
0.175113
0.204667
-0.177938
-0.310792
-0.328293
-0.369375
-0.378558
-0.091461
-0.721595
-0.299267
-0.231613
-0.295995
0.363615
-0.296790
-0.255490
0.062716
0.128286
0.185950
-0.671634
-0.064772
-0.186370
-0.495519
-0.075949
-0.872616
0.261045
-0.202409
0.132299
-0.329731
0.126043
0.143984
-0.450450
-0.475744
0.116797
-0.587134
-0.187857
-0.411994
-0.268581
-0.686490
-0.411759
-0.280919
-0.380832
-0.354397
-0.286498
-0.185195
-0.360418
-0.154408
-0.294477
-0.643808
-0.199410
-0.539078
-0.332916
-0.471651
-0.118475
-0.334616
-0.553892
-0.797809
-0.450965
-0.542999
-0.371525
-0.445273
-0.218357
-0.534993
0.220329
-0.395860
-0.235241
-0.427960
-0.354233
-0.381320
-0.655542
-0.491754
-0.072126
-0.574131
-0.078189
-0.960515
-0.201086
-0.211627
-0.312890
-0.115569
-0.377904
-0.440982
-0.291422
-0.530901
-0.444078
-0.247060
-0.099666
-0.172625
-0.405461
-0.396821
-0.028887
-0.425893
-0.475781
-0.198445
-0.392822
-0.350422
-0.585409
-0.268288
-0.048544
-0.230637
-0.214378
-0.592378
-0.391515
-0.265585
-0.057382
-0.453751
-0.293801
-0.599602
-0.614724
-0.228237
-0.793169
-0.645688
-0.424647
-0.747699
0.044894
-0.414615
-0.268203
-0.472552
-0.520274
-0.467020
-0.313611
-0.434685
0.061570
-0.094501
-0.326037
-0.635501
-0.257173
-0.634808
-0.131529
-0.384894
-0.106649
-0.444604
-0.422264
-0.335281
-0.334032
-0.627241
-0.495744
-0.396536
-0.209760
-0.301118
-0.138082
-0.568062
-0.315232
-0.567871
-0.214070
-0.235165
-0.230157
-0.311222
-0.451407
-0.325283
-0.149989
-0.555497
-0.613207
-0.543247
-0.314408
-0.506534
-0.709075
-0.792547
-0.523741
-0.209339
-0.473390
-0.352019
-0.229014
-0.307746
-0.246083
-0.447477
-0.452793
-0.392175
-0.207799
-0.457360
-0.517695
-0.383856
0.040256
-0.466927
-0.508523
-0.610915
-0.534566
-0.425610
-0.335044
-0.128984
-0.305445
-0.302582
-0.342527
-0.713668
-0.212031
-0.605355
-0.205601
-0.327715
-0.119307
-0.450416
-0.165132
-0.084773
-0.731114
-0.224250
0.045495
-0.741703
-0.156143
-0.649912
-0.449359
-0.255178
-0.639427
-0.251168
-0.333487
-0.394680
-0.106972
-0.345332
-0.388714
-0.224449
-0.424359
-0.104488
-0.219796
-0.296526
-0.308596
-0.178020
-0.388766
-0.536201
-0.212094
-0.148178
-0.496029
-0.702704
-0.487604
-0.465380
-0.162863
-0.355771
-0.621151
-0.940741
-0.288350
-0.856447
-0.324391
-0.017990
-0.614352
-0.518058
-0.360292
-0.673986
0.133388
-0.186690
-0.492114
-0.550592
-0.147376
-0.171505
-0.668218
-0.303422
-0.834423
-0.698053
0.162573
-0.357270
-0.944841
-0.428199
-0.515927
-0.576302
-0.009337
-0.748653
-0.581665
-0.843451
-0.533471
-0.596232
-0.379207
-1.131768
-0.990027
-0.756478
-0.187801
-0.939396
-0.039862
-0.527548
0.294840
-0.281300
-0.622629
-0.911605
-0.814899
-0.548945
-0.698770
-1.132946
-0.548529
-0.446503
-0.542028
-1.201562
-0.477952
-0.342906
-0.940550
0.075333
-0.903789
-0.698808
-0.120769
-0.798978
-0.646592
-0.549993
-0.531663
0.284926
-0.008121
-0.216043
0.712098
1.047224
0.127626
-0.155499
-0.019496
0.514110
0.202892
-0.407455
-0.121878
0.152524
-0.252562
0.747546
-0.053741
-0.139739
0.748772
0.013980
-0.589266
0.078055
0.231680
0.005359
0.830786
0.431858
0.517849
0.624322
0.093316
0.177351
0.080685
0.232132
0.147902
-0.103878
0.194933
-0.002334
0.270453
0.209909
0.002492
-0.631731
-0.430060
0.248153
0.025238
-0.049718
-0.341036
-0.271718
-0.283394
-0.179110
-0.331307
0.087455
-0.029514
-0.181483
-0.734393
-0.487223
-0.438928
-0.728889
0.265701
0.269247
-0.341996
-0.582335
-0.842759
0.578646
0.216363
0.099784
-0.633892
-0.183961
0.370508
0.413277
-0.428664
-0.018007
-0.453841
-0.405051
-0.549762
-0.122453
-0.754381
-0.643075
-0.728611
-0.673195
0.792190
-0.456909
-0.627042
-0.740826
0.088100
-0.009586
-0.451017
-0.220330
-0.654446
-0.401876
0.219739
-0.693931
0.147107
-0.653952
0.245379
-0.009731
0.377351
0.332028
-0.764689
-0.847216
0.093665
-0.826436
0.074114
-0.076297
-0.329691
-0.327664
-0.139373
-0.594706
-0.458514
-0.227423
-0.386447
-0.171141
-0.436537
-0.135978
-0.225923
-0.193989
-0.206143
-0.650464
-0.480798
-0.412073
-0.279806
-0.353147
-0.282366
-0.381306
-0.598846
-0.557985
-0.849074
-0.340418
-0.125907
-0.247245
-0.023050
-0.442490
-0.306105
-0.456458
-0.091363
-0.242214
-0.451119
-0.743558
-0.127108
-0.216880
-0.514697
-0.753179
-0.227873
-0.453057
-0.477060
-0.094975
-0.253998
-0.052558
-0.274327
-0.362574
-0.463443
-0.298064
-0.519090
0.242959
0.254540
-0.100473
0.138749
0.425898
-0.273851
-0.124653
-0.324279
-0.431702
0.029306
-0.207537
-0.169211
-0.448621
-0.421929
0.142567
-0.472916
-0.366303
-0.159761
-0.113007
-0.704506
-0.373669
-0.476125
-0.571846
0.594526
0.238810
0.392740
0.544685
0.422625
-0.457940
0.530497
0.714248
-0.491104
-0.299663
0.112276
-0.073307
0.159993
0.234521
-0.444914
-0.212530
-0.170955
-0.485585
-0.370228
-0.324102
-0.075163
-0.186329
-0.168590
-0.421595
-0.540691
-0.183700
-0.236931
-0.167154
-0.071012
-0.524828
-0.165113
-0.262542
-0.435690
-0.542420
-0.035753
-0.197592
-0.064308
-0.431298
-0.419895
-0.182635
-0.266083
-0.393301
-0.409122
-0.624047
-0.232300
-0.342411
-0.423753
-0.635435
-0.640246
-0.291672
-0.078116
-0.426470
-0.266811
-0.300047
-0.024470
-0.553360
-0.247878
-0.174563
-0.530144
-0.618627
-0.489477
-0.480135
0.064168
-0.434197
-0.547039
-0.761943
-0.219022
-0.433334
-0.589618
-0.070276
-0.501483
-0.416903
-0.327824
-0.245540
-0.060697
-0.462154
-0.190313
-0.207263
-0.089201
-0.818975
-0.095721
-0.620992
-0.149124
-0.496654
-0.384084
-0.263218
-0.297580
0.111330
-0.150640
-0.495567
-0.419893
-0.543992
-0.447620
-0.237130
-0.226633
-0.302928
-0.494931
-0.672339
-0.460908
-0.501094
-0.463464
-0.785775
-0.058949
-0.403851
0.237259
-0.218885
-0.495238
-0.651198
-0.449465
-0.177081
-0.491923
-0.662494
-0.071912
-0.204458
-0.416948
-0.900431
-0.028292
-0.436444
-0.390953
0.014778
-0.219317
-0.051760
-0.544517
-0.183746
-0.252034
-0.677375
-0.584678
0.436857
-0.331317
0.090488
0.536888
0.494275
-0.298261
0.074102
-0.186866
0.003590
0.504912
0.233741
0.306740
0.365222
-0.497060
0.643646
0.334869
0.095730
0.482629
0.537177
-0.219886
0.464986
-0.275670
0.230369
0.728965
0.508221
-0.399253
0.308550
0.373899
-0.287551
0.089628
0.365089
-0.317384
0.195964
0.237421
0.137196
0.241074
0.561712
-0.159647
-0.122793
0.273391
-0.273413
0.314089
-0.077623
0.135697
0.155564
-0.211223
-0.155686
0.644221
0.382706
0.155292
0.130101
-1.115258
-1.091963
0.300340
0.028133
0.623247
0.640398
-1.152671
-0.180457
0.008962
0.416077
0.431326
-0.473016
0.114856
0.109617
0.309043
0.223050
0.259529
-0.361076
-1.153926
-0.566150
-0.131910
-0.375473
0.133246
0.400175
-0.587684
0.107185
0.848795
0.189727
0.427320
0.501011
0.297975
0.303164
0.552920
-0.267652
-0.018364
0.447731
0.539691
0.328907
0.181964
0.007476
0.148988
-1.193457
0.188754
0.138598
-0.752478
-0.152092
-0.582970
0.090201
0.673938
-0.238609
-0.273876
-0.196056
-0.140060
-0.492653
-0.679554
-0.320487
-0.175453
-0.533532
-0.161934
-0.280431
-0.490412
-0.322867
-0.155924
-0.394773
-0.691126
-0.340106
-0.219126
-0.044287
-0.378952
-0.406426
-0.578496
-0.076406
-0.341895
-0.425986
-0.235844
-0.195749
-0.178726
-0.591474
-0.278946
-0.000674
-0.319907
-0.255365
-0.241353
-0.677061
-0.405792
-0.166444
-0.312458
-0.878150
-0.412953
-0.301189
-0.289350
-0.173379
-0.217729
-0.631521
-0.460233
-0.570498
-0.412646
-0.329223
-0.729275
0.445796
0.364273
0.559598
0.349755
0.717484
0.301644
0.201893
0.436604
-0.255302
0.123275
0.139232
0.081391
0.336493
-0.469188
0.428279
-0.125436
0.111481
0.556929
0.643784
0.336009
0.578267
-0.170083
0.790682
0.164866
-0.240194
0.307751
0.344541
0.109045
-0.216697
0.553467
0.014422
0.175215
0.395378
-0.052259
0.496376
0.110343
0.047961
0.578457
-0.501965
-0.046657
-0.142750
0.131126
-0.024451
-0.048235
0.108331
0.169525
-0.058664
0.329486
-0.461877
-0.050934
-1.367314
-0.405982
-1.096523
0.513197
-0.589534
-0.417426
-0.435645
-0.785937
-0.172323
-0.385484
-0.463285
-0.636703
-0.553473
-0.709718
-0.596045
-0.633579
-0.405651
-0.550040
0.919689
-0.084076
-0.399731
-0.254522
-0.298145
0.295319
-0.486322
-0.381701
-1.193937
-0.427294
-0.625612
-0.543710
-0.838305
-0.629532
-0.434611
-0.428591
-0.600292
-0.336527
-0.494546
-0.176732
-0.172239
-0.106260
-1.442897
-0.098645
-0.575656
-0.264961
-0.374579
-0.221485
-0.401680
-1.355743
-0.372556
-0.985974
-0.233350
-0.149538
-0.140842
-0.084175
-0.061366
-0.106385
-0.122928
-0.158201
-0.198103
-0.127520
-0.115301
-0.071868
-0.339554
-0.036304
-0.334987
-0.013362
-0.193938
-0.150736
-0.551066
-0.183699
-0.192844
-0.050145
-0.479270
-0.563800
-0.153577
-0.208323
-0.466749
-0.454944
-0.181316
0.112486
-0.320937
-0.505318
-0.189145
-0.025120
-0.011271
-0.178787
-0.094932
-0.200377
-0.109262
-0.446549
-0.118505
-0.034179
-0.157424
0.000595
-0.247256
-0.111822
-0.236525
0.076269
-0.181642
-0.112390
-0.357826
