1.000000e-01	-8.535790e-01	7.236457e-02
1.013722e-01	-8.535868e-01	7.432635e-02
1.027443e-01	-8.535944e-01	7.631281e-02
1.041165e-01	-8.536017e-01	7.832387e-02
1.054887e-01	-8.536089e-01	8.035944e-02
1.068608e-01	-8.536159e-01	8.241945e-02
1.082330e-01	-8.536227e-01	8.450380e-02
1.096052e-01	-8.536293e-01	8.661240e-02
1.109773e-01	-8.536358e-01	8.874518e-02
1.123495e-01	-8.536421e-01	9.090205e-02
1.137217e-01	-8.536482e-01	9.308290e-02
1.150939e-01	-8.536543e-01	9.528767e-02
1.164660e-01	-8.536601e-01	9.751624e-02
1.178382e-01	-8.536658e-01	9.976854e-02
1.192104e-01	-8.536714e-01	1.020445e-01
1.205825e-01	-8.536769e-01	1.043439e-01
1.219547e-01	-8.536823e-01	1.066668e-01
1.233269e-01	-8.536875e-01	1.090131e-01
1.246990e-01	-8.536926e-01	1.113826e-01
1.260712e-01	-8.536976e-01	1.137752e-01
1.274434e-01	-8.537025e-01	1.161909e-01
1.288155e-01	-8.537073e-01	1.186295e-01
1.301877e-01	-8.537120e-01	1.210910e-01
1.315599e-01	-8.537166e-01	1.235752e-01
1.329320e-01	-8.537210e-01	1.260821e-01
1.343042e-01	-8.537255e-01	1.286115e-01
1.356764e-01	-8.537298e-01	1.311634e-01
1.370485e-01	-8.537340e-01	1.337376e-01
1.384207e-01	-8.537381e-01	1.363340e-01
1.397929e-01	-8.537422e-01	1.389526e-01
1.411651e-01	-8.537462e-01	1.415931e-01
1.425372e-01	-8.537501e-01	1.442556e-01
1.439094e-01	-8.537539e-01	1.469398e-01
1.452816e-01	-8.537577e-01	1.496457e-01
1.466537e-01	-8.537614e-01	1.523732e-01
1.480259e-01	-8.537650e-01	1.551222e-01
1.493981e-01	-8.537686e-01	1.578925e-01
1.507702e-01	-8.537720e-01	1.606840e-01
1.521424e-01	-8.537755e-01	1.634966e-01
1.535146e-01	-8.537788e-01	1.663303e-01
1.548867e-01	-8.537821e-01	1.691848e-01
1.562589e-01	-8.537854e-01	1.720601e-01
1.576311e-01	-8.537886e-01	1.749560e-01
1.590032e-01	-8.537917e-01	1.778725e-01
1.603754e-01	-8.537948e-01	1.808093e-01
1.617476e-01	-8.537979e-01	1.837665e-01
1.631198e-01	-8.538008e-01	1.867438e-01
1.644919e-01	-8.538038e-01	1.897411e-01
1.658641e-01	-8.538067e-01	1.927584e-01
1.672363e-01	-8.538095e-01	1.957955e-01
1.686084e-01	-8.538123e-01	1.988522e-01
1.699806e-01	-8.538150e-01	2.019285e-01
1.713528e-01	-8.538177e-01	2.050242e-01
1.727249e-01	-8.538204e-01	2.081392e-01
1.740971e-01	-8.538230e-01	2.112733e-01
1.754693e-01	-8.538256e-01	2.144265e-01
1.768414e-01	-8.538281e-01	2.175985e-01
1.782136e-01	-8.538306e-01	2.207894e-01
1.795858e-01	-8.538331e-01	2.239989e-01
1.809579e-01	-8.538355e-01	2.272269e-01
1.823301e-01	-8.538379e-01	2.304732e-01
1.837023e-01	-8.538403e-01	2.337378e-01
1.850744e-01	-8.538426e-01	2.370205e-01
1.864466e-01	-8.538449e-01	2.403212e-01
1.878188e-01	-8.538472e-01	2.436398e-01
1.891910e-01	-8.538494e-01	2.469760e-01
1.905631e-01	-8.538516e-01	2.503298e-01
1.919353e-01	-8.538537e-01	2.537010e-01
1.933075e-01	-8.538559e-01	2.570895e-01
1.946796e-01	-8.538580e-01	2.604951e-01
1.960518e-01	-8.538600e-01	2.639178e-01
1.974240e-01	-8.538621e-01	2.673573e-01
1.987961e-01	-8.538641e-01	2.708135e-01
2.001683e-01	-8.538661e-01	2.742863e-01
2.015405e-01	-8.538680e-01	2.777756e-01
2.029126e-01	-8.538700e-01	2.812812e-01
2.042848e-01	-8.538719e-01	2.848029e-01
2.056570e-01	-8.538738e-01	2.883406e-01
2.070291e-01	-8.538756e-01	2.918942e-01
2.084013e-01	-8.538775e-01	2.954635e-01
2.097735e-01	-8.538793e-01	2.990484e-01
2.111456e-01	-8.538811e-01	3.026487e-01
2.125178e-01	-8.538828e-01	3.062643e-01
2.138900e-01	-8.538846e-01	3.098950e-01
2.152622e-01	-8.538863e-01	3.135407e-01
2.166343e-01	-8.538880e-01	3.172012e-01
2.180065e-01	-8.538897e-01	3.208764e-01
2.193787e-01	-8.538913e-01	3.245661e-01
2.207508e-01	-8.538930e-01	3.282702e-01
2.221230e-01	-8.538946e-01	3.319886e-01
2.234952e-01	-8.538962e-01	3.357210e-01
2.248673e-01	-8.538978e-01	3.394673e-01
2.262395e-01	-8.538994e-01	3.432274e-01
2.276117e-01	-8.539009e-01	3.470011e-01
2.289838e-01	-8.539024e-01	3.507883e-01
2.303560e-01	-8.539039e-01	3.545887e-01
2.317282e-01	-8.539054e-01	3.584024e-01
2.331003e-01	-8.539069e-01	3.622290e-01
2.344725e-01	-8.539084e-01	3.660684e-01
2.358447e-01	-8.539098e-01	3.699205e-01
2.372168e-01	-8.539112e-01	3.737852e-01
2.385890e-01	-8.539126e-01	3.776622e-01
2.399612e-01	-8.539140e-01	3.815514e-01
2.413334e-01	-8.539154e-01	3.854527e-01
2.427055e-01	-8.539168e-01	3.893658e-01
2.440777e-01	-8.539181e-01	3.932907e-01
2.454499e-01	-8.539195e-01	3.972272e-01
2.468220e-01	-8.539208e-01	4.011750e-01
2.481942e-01	-8.539221e-01	4.051341e-01
2.495664e-01	-8.539234e-01	4.091043e-01
2.509385e-01	-8.539247e-01	4.130853e-01
2.523107e-01	-8.539259e-01	4.170772e-01
2.536829e-01	-8.539272e-01	4.210796e-01
2.550550e-01	-8.539284e-01	4.250925e-01
2.564272e-01	-8.539296e-01	4.291156e-01
2.577994e-01	-8.539308e-01	4.331489e-01
2.591715e-01	-8.539320e-01	4.371921e-01
2.605437e-01	-8.539332e-01	4.412450e-01
2.619159e-01	-8.539344e-01	4.453076e-01
2.632881e-01	-8.539356e-01	4.493796e-01
2.646602e-01	-8.539367e-01	4.534608e-01
2.660324e-01	-8.539379e-01	4.575512e-01
2.674046e-01	-8.539390e-01	4.616506e-01
2.687767e-01	-8.539401e-01	4.657587e-01
2.701489e-01	-8.539412e-01	4.698754e-01
2.715211e-01	-8.539423e-01	4.740005e-01
2.728932e-01	-8.539434e-01	4.781340e-01
2.742654e-01	-8.539445e-01	4.822755e-01
2.756376e-01	-8.539456e-01	4.864250e-01
2.770097e-01	-8.539466e-01	4.905822e-01
2.783819e-01	-8.539477e-01	4.947471e-01
2.797541e-01	-8.539487e-01	4.989193e-01
2.811262e-01	-8.539497e-01	5.030989e-01
2.824984e-01	-8.539508e-01	5.072855e-01
2.838706e-01	-8.539518e-01	5.114790e-01
2.852427e-01	-8.539528e-01	5.156793e-01
2.866149e-01	-8.539538e-01	5.198861e-01
2.879871e-01	-8.539547e-01	5.240994e-01
2.893593e-01	-8.539557e-01	5.283189e-01
2.907314e-01	-8.539567e-01	5.325445e-01
2.921036e-01	-8.539576e-01	5.367759e-01
2.934758e-01	-8.539586e-01	5.410131e-01
2.948479e-01	-8.539595e-01	5.452558e-01
2.962201e-01	-8.539605e-01	5.495040e-01
2.975923e-01	-8.539614e-01	5.537573e-01
2.989644e-01	-8.539623e-01	5.580156e-01
3.003366e-01	-8.539632e-01	5.622788e-01
3.017088e-01	-8.539641e-01	5.665467e-01
3.030809e-01	-8.539650e-01	5.708191e-01
3.044531e-01	-8.539659e-01	5.750958e-01
3.058253e-01	-8.539667e-01	5.793768e-01
3.071974e-01	-8.539676e-01	5.836617e-01
3.085696e-01	-8.539685e-01	5.879504e-01
3.099418e-01	-8.539693e-01	5.922428e-01
3.113139e-01	-8.539702e-01	5.965386e-01
3.126861e-01	-8.539710e-01	6.008377e-01
3.140583e-01	-8.539719e-01	6.051400e-01
3.154305e-01	-8.539727e-01	6.094452e-01
3.168026e-01	-8.539735e-01	6.137532e-01
3.181748e-01	-8.539743e-01	6.180638e-01
3.195470e-01	-8.539751e-01	6.223769e-01
3.209191e-01	-8.539759e-01	6.266921e-01
3.222913e-01	-8.539767e-01	6.310095e-01
3.236635e-01	-8.539775e-01	6.353288e-01
3.250356e-01	-8.539783e-01	6.396498e-01
3.264078e-01	-8.539791e-01	6.439723e-01
3.277800e-01	-8.539798e-01	6.482963e-01
3.291521e-01	-8.539806e-01	6.526214e-01
3.305243e-01	-8.539814e-01	6.569476e-01
3.318965e-01	-8.539821e-01	6.612747e-01
3.332686e-01	-8.539829e-01	6.656024e-01
3.346408e-01	-8.539836e-01	6.699306e-01
3.360130e-01	-8.539843e-01	6.742592e-01
3.373851e-01	-8.539851e-01	6.785880e-01
3.387573e-01	-8.539858e-01	6.829167e-01
3.401295e-01	-8.539865e-01	6.872452e-01
3.415017e-01	-8.539872e-01	6.915734e-01
3.428738e-01	-8.539879e-01	6.959011e-01
3.442460e-01	-8.539886e-01	7.002280e-01
3.456182e-01	-8.539893e-01	7.045541e-01
3.469903e-01	-8.539900e-01	7.088791e-01
3.483625e-01	-8.539907e-01	7.132028e-01
3.497347e-01	-8.539914e-01	7.175252e-01
3.511068e-01	-8.539921e-01	7.218460e-01
3.524790e-01	-8.539928e-01	7.261651e-01
3.538512e-01	-8.539934e-01	7.304822e-01
3.552233e-01	-8.539941e-01	7.347972e-01
3.565955e-01	-8.539948e-01	7.391099e-01
3.579677e-01	-8.539954e-01	7.434203e-01
3.593398e-01	-8.539961e-01	7.477279e-01
3.607120e-01	-8.539967e-01	7.520329e-01
3.620842e-01	-8.539974e-01	7.563348e-01
3.634564e-01	-8.539980e-01	7.606336e-01
3.648285e-01	-8.539986e-01	7.649291e-01
3.662007e-01	-8.539993e-01	7.692212e-01
3.675729e-01	-8.539999e-01	7.735095e-01
3.689450e-01	-8.540005e-01	7.777941e-01
3.703172e-01	-8.540011e-01	7.820747e-01
3.716894e-01	-8.540017e-01	7.863511e-01
3.730615e-01	-8.540023e-01	7.906232e-01
3.744337e-01	-8.540030e-01	7.948908e-01
3.758059e-01	-8.540036e-01	7.991537e-01
3.771780e-01	-8.540042e-01	8.034117e-01
3.785502e-01	-8.540047e-01	8.076648e-01
3.799224e-01	-8.540053e-01	8.119126e-01
3.812945e-01	-8.540059e-01	8.161552e-01
3.826667e-01	-8.540065e-01	8.203921e-01
3.840389e-01	-8.540071e-01	8.246235e-01
3.854110e-01	-8.540077e-01	8.288489e-01
3.867832e-01	-8.540082e-01	8.330683e-01
3.881554e-01	-8.540088e-01	8.372815e-01
3.895276e-01	-8.540094e-01	8.414884e-01
3.908997e-01	-8.540099e-01	8.456888e-01
3.922719e-01	-8.540105e-01	8.498824e-01
3.936441e-01	-8.540110e-01	8.540692e-01
3.950162e-01	-8.540116e-01	8.582489e-01
3.963884e-01	-8.540121e-01	8.624215e-01
3.977606e-01	-8.540127e-01	8.665867e-01
3.991327e-01	-8.540132e-01	8.707444e-01
4.005049e-01	-8.540138e-01	8.748944e-01
4.018771e-01	-8.540143e-01	8.790365e-01
4.032492e-01	-8.540148e-01	8.831706e-01
4.046214e-01	-8.540154e-01	8.872966e-01
4.059936e-01	-8.540159e-01	8.914141e-01
4.073657e-01	-8.540164e-01	8.955232e-01
4.087379e-01	-8.540169e-01	8.996237e-01
4.101101e-01	-8.540174e-01	9.037152e-01
4.114822e-01	-8.540179e-01	9.077978e-01
4.128544e-01	-8.540185e-01	9.118713e-01
4.142266e-01	-8.540190e-01	9.159354e-01
4.155988e-01	-8.540195e-01	9.199901e-01
4.169709e-01	-8.540200e-01	9.240351e-01
4.183431e-01	-8.540205e-01	9.280703e-01
4.197153e-01	-8.540210e-01	9.320956e-01
4.210874e-01	-8.540215e-01	9.361107e-01
4.224596e-01	-8.540220e-01	9.401156e-01
4.238318e-01	-8.540224e-01	9.441101e-01
4.252039e-01	-8.540229e-01	9.480940e-01
4.265761e-01	-8.540234e-01	9.520671e-01
4.279483e-01	-8.540239e-01	9.560294e-01
4.293204e-01	-8.540244e-01	9.599806e-01
4.306926e-01	-8.540248e-01	9.639206e-01
4.320648e-01	-8.540253e-01	9.678492e-01
4.334369e-01	-8.540258e-01	9.717663e-01
4.348091e-01	-8.540263e-01	9.756718e-01
4.361813e-01	-8.540267e-01	9.795654e-01
4.375534e-01	-8.540272e-01	9.834470e-01
4.389256e-01	-8.540276e-01	9.873166e-01
4.402978e-01	-8.540281e-01	9.911738e-01
4.416700e-01	-8.540286e-01	9.950187e-01
4.430421e-01	-8.540290e-01	9.988509e-01
4.444143e-01	-8.540295e-01	1.002670e+00
4.457865e-01	-8.540299e-01	1.006477e+00
4.471586e-01	-8.540304e-01	1.010271e+00
4.485308e-01	-8.540308e-01	1.014051e+00
4.499030e-01	-8.540312e-01	1.017818e+00
4.512751e-01	-8.540317e-01	1.021572e+00
4.526473e-01	-8.540321e-01	1.025312e+00
4.540195e-01	-8.540326e-01	1.029038e+00
4.553916e-01	-8.540330e-01	1.032751e+00
4.567638e-01	-8.540334e-01	1.036449e+00
4.581360e-01	-8.540339e-01	1.040133e+00
4.595081e-01	-8.540343e-01	1.043803e+00
4.608803e-01	-8.540347e-01	1.047459e+00
4.622525e-01	-8.540351e-01	1.051100e+00
4.636247e-01	-8.540356e-01	1.054726e+00
4.649968e-01	-8.540360e-01	1.058337e+00
4.663690e-01	-8.540364e-01	1.061933e+00
4.677412e-01	-8.540368e-01	1.065514e+00
4.691133e-01	-8.540372e-01	1.069079e+00
4.704855e-01	-8.540376e-01	1.072630e+00
4.718577e-01	-8.540380e-01	1.076164e+00
4.732298e-01	-8.540385e-01	1.079683e+00
4.746020e-01	-8.540389e-01	1.083186e+00
4.759742e-01	-8.540393e-01	1.086673e+00
4.773463e-01	-8.540397e-01	1.090144e+00
4.787185e-01	-8.540401e-01	1.093599e+00
4.800907e-01	-8.540405e-01	1.097037e+00
4.814628e-01	-8.540409e-01	1.100459e+00
4.828350e-01	-8.540413e-01	1.103864e+00
4.842072e-01	-8.540417e-01	1.107252e+00
4.855793e-01	-8.540420e-01	1.110624e+00
4.869515e-01	-8.540424e-01	1.113978e+00
4.883237e-01	-8.540428e-01	1.117315e+00
4.896959e-01	-8.540432e-01	1.120635e+00
4.910680e-01	-8.540436e-01	1.123938e+00
4.924402e-01	-8.540440e-01	1.127223e+00
4.938124e-01	-8.540444e-01	1.130490e+00
4.951845e-01	-8.540447e-01	1.133739e+00
4.965567e-01	-8.540451e-01	1.136971e+00
4.979289e-01	-8.540455e-01	1.140185e+00
4.993010e-01	-8.540459e-01	1.143380e+00
5.006732e-01	-8.540463e-01	1.146557e+00
5.020454e-01	-8.540466e-01	1.149716e+00
5.034175e-01	-8.540470e-01	1.152856e+00
5.047897e-01	-8.540474e-01	1.155977e+00
5.061619e-01	-8.540477e-01	1.159080e+00
5.075340e-01	-8.540481e-01	1.162164e+00
5.089062e-01	-8.540485e-01	1.165229e+00
5.102784e-01	-8.540488e-01	1.168275e+00
5.116505e-01	-8.540492e-01	1.171302e+00
5.130227e-01	-8.540496e-01	1.174309e+00
5.143949e-01	-8.540499e-01	1.177297e+00
5.157671e-01	-8.540503e-01	1.180265e+00
5.171392e-01	-8.540506e-01	1.183214e+00
5.185114e-01	-8.540510e-01	1.186142e+00
5.198836e-01	-8.540513e-01	1.189051e+00
5.212557e-01	-8.540517e-01	1.191940e+00
5.226279e-01	-8.540521e-01	1.194809e+00
5.240001e-01	-8.540524e-01	1.197658e+00
5.253722e-01	-8.540528e-01	1.200486e+00
5.267444e-01	-8.540531e-01	1.203294e+00
5.281166e-01	-8.540534e-01	1.206082e+00
5.294887e-01	-8.540538e-01	1.208848e+00
5.308609e-01	-8.540541e-01	1.211594e+00
5.322331e-01	-8.540545e-01	1.214320e+00
5.336052e-01	-8.540548e-01	1.217024e+00
5.349774e-01	-8.540552e-01	1.219707e+00
5.363496e-01	-8.540555e-01	1.222369e+00
5.377217e-01	-8.540558e-01	1.225010e+00
5.390939e-01	-8.540562e-01	1.227630e+00
5.404661e-01	-8.540565e-01	1.230228e+00
5.418383e-01	-8.540569e-01	1.232805e+00
5.432104e-01	-8.540572e-01	1.235360e+00
5.445826e-01	-8.540575e-01	1.237893e+00
5.459548e-01	-8.540578e-01	1.240405e+00
5.473269e-01	-8.540582e-01	1.242895e+00
5.486991e-01	-8.540585e-01	1.245363e+00
5.500713e-01	-8.540588e-01	1.247808e+00
5.514434e-01	-8.540592e-01	1.250232e+00
5.528156e-01	-8.540595e-01	1.252633e+00
5.541878e-01	-8.540598e-01	1.255012e+00
5.555599e-01	-8.540601e-01	1.257369e+00
5.569321e-01	-8.540605e-01	1.259703e+00
5.583043e-01	-8.540608e-01	1.262015e+00
5.596764e-01	-8.540611e-01	1.264304e+00
5.610486e-01	-8.540614e-01	1.266570e+00
5.624208e-01	-8.540617e-01	1.268813e+00
5.637930e-01	-8.540621e-01	1.271034e+00
5.651651e-01	-8.540624e-01	1.273231e+00
5.665373e-01	-8.540627e-01	1.275406e+00
5.679095e-01	-8.540630e-01	1.277557e+00
5.692816e-01	-8.540633e-01	1.279685e+00
5.706538e-01	-8.540636e-01	1.281790e+00
5.720260e-01	-8.540639e-01	1.283872e+00
5.733981e-01	-8.540643e-01	1.285930e+00
5.747703e-01	-8.540646e-01	1.287964e+00
5.761425e-01	-8.540649e-01	1.289975e+00
5.775146e-01	-8.540652e-01	1.291963e+00
5.788868e-01	-8.540655e-01	1.293926e+00
5.802590e-01	-8.540658e-01	1.295866e+00
5.816311e-01	-8.540661e-01	1.297783e+00
5.830033e-01	-8.540664e-01	1.299675e+00
5.843755e-01	-8.540667e-01	1.301543e+00
5.857476e-01	-8.540670e-01	1.303387e+00
5.871198e-01	-8.540673e-01	1.305208e+00
5.884920e-01	-8.540676e-01	1.307004e+00
5.898642e-01	-8.540679e-01	1.308775e+00
5.912363e-01	-8.540682e-01	1.310523e+00
5.926085e-01	-8.540685e-01	1.312246e+00
5.939807e-01	-8.540688e-01	1.313945e+00
5.953528e-01	-8.540691e-01	1.315619e+00
5.967250e-01	-8.540694e-01	1.317269e+00
5.980972e-01	-8.540697e-01	1.318895e+00
5.994693e-01	-8.540700e-01	1.320495e+00
6.008415e-01	-8.540703e-01	1.322071e+00
6.022137e-01	-8.540706e-01	1.323623e+00
6.035858e-01	-8.540709e-01	1.325150e+00
6.049580e-01	-8.540712e-01	1.326651e+00
6.063302e-01	-8.540715e-01	1.328128e+00
6.077023e-01	-8.540718e-01	1.329580e+00
6.090745e-01	-8.540721e-01	1.331008e+00
6.104467e-01	-8.540724e-01	1.332410e+00
6.118188e-01	-8.540726e-01	1.333787e+00
6.131910e-01	-8.540729e-01	1.335139e+00
6.145632e-01	-8.540732e-01	1.336466e+00
6.159354e-01	-8.540735e-01	1.337768e+00
6.173075e-01	-8.540738e-01	1.339044e+00
6.186797e-01	-8.540741e-01	1.340296e+00
6.200519e-01	-8.540744e-01	1.341522e+00
6.214240e-01	-8.540746e-01	1.342723e+00
6.227962e-01	-8.540749e-01	1.343898e+00
6.241684e-01	-8.540752e-01	1.345048e+00
6.255405e-01	-8.540755e-01	1.346173e+00
6.269127e-01	-8.540758e-01	1.347272e+00
6.282849e-01	-8.540761e-01	1.348346e+00
6.296570e-01	-8.540763e-01	1.349394e+00
6.310292e-01	-8.540766e-01	1.350417e+00
6.324014e-01	-8.540769e-01	1.351414e+00
6.337735e-01	-8.540772e-01	1.352386e+00
6.351457e-01	-8.540775e-01	1.353332e+00
6.365179e-01	-8.540777e-01	1.354252e+00
6.378901e-01	-8.540780e-01	1.355147e+00
6.392622e-01	-8.540783e-01	1.356016e+00
6.406344e-01	-8.540786e-01	1.356859e+00
6.420066e-01	-8.540788e-01	1.357677e+00
6.433787e-01	-8.540791e-01	1.358469e+00
6.447509e-01	-8.540794e-01	1.359235e+00
6.461231e-01	-8.540797e-01	1.359975e+00
6.474952e-01	-8.540799e-01	1.360690e+00
6.488674e-01	-8.540802e-01	1.361379e+00
6.502396e-01	-8.540805e-01	1.362042e+00
6.516117e-01	-8.540808e-01	1.362679e+00
6.529839e-01	-8.540810e-01	1.363290e+00
6.543561e-01	-8.540813e-01	1.363876e+00
6.557282e-01	-8.540816e-01	1.364435e+00
6.571004e-01	-8.540818e-01	1.364969e+00
6.584726e-01	-8.540821e-01	1.365477e+00
6.598447e-01	-8.540824e-01	1.365959e+00
6.612169e-01	-8.540826e-01	1.366415e+00
6.625891e-01	-8.540829e-01	1.366845e+00
6.639613e-01	-8.540832e-01	1.367249e+00
6.653334e-01	-8.540834e-01	1.367628e+00
6.667056e-01	-8.540837e-01	1.367980e+00
6.680778e-01	-8.540840e-01	1.368307e+00
6.694499e-01	-8.540842e-01	1.368607e+00
6.708221e-01	-8.540845e-01	1.368882e+00
6.721943e-01	-8.540848e-01	1.369131e+00
6.735664e-01	-8.540850e-01	1.369354e+00
6.749386e-01	-8.540853e-01	1.369551e+00
6.763108e-01	-8.540856e-01	1.369722e+00
6.776829e-01	-8.540858e-01	1.369868e+00
6.790551e-01	-8.540861e-01	1.369987e+00
6.804273e-01	-8.540864e-01	1.370081e+00
6.817994e-01	-8.540866e-01	1.370149e+00
6.831716e-01	-8.540869e-01	1.370191e+00
6.845438e-01	-8.540871e-01	1.370207e+00
6.859159e-01	-8.540874e-01	1.370198e+00
6.872881e-01	-8.540877e-01	1.370162e+00
6.886603e-01	-8.540879e-01	1.370101e+00
6.900325e-01	-8.540882e-01	1.370014e+00
6.914046e-01	-8.540885e-01	1.369901e+00
6.927768e-01	-8.540887e-01	1.369763e+00
6.941490e-01	-8.540890e-01	1.369599e+00
6.955211e-01	-8.540892e-01	1.369409e+00
6.968933e-01	-8.540895e-01	1.369194e+00
6.982655e-01	-8.540897e-01	1.368953e+00
6.996376e-01	-8.540900e-01	1.368686e+00
7.010098e-01	-8.540903e-01	1.368394e+00
7.023820e-01	-8.540905e-01	1.368076e+00
7.037541e-01	-8.540908e-01	1.367733e+00
7.051263e-01	-8.540910e-01	1.367364e+00
7.064985e-01	-8.540913e-01	1.366970e+00
7.078706e-01	-8.540915e-01	1.366550e+00
7.092428e-01	-8.540918e-01	1.366105e+00
7.106150e-01	-8.540921e-01	1.365635e+00
7.119871e-01	-8.540923e-01	1.365139e+00
7.133593e-01	-8.540926e-01	1.364618e+00
7.147315e-01	-8.540928e-01	1.364071e+00
7.161037e-01	-8.540931e-01	1.363500e+00
7.174758e-01	-8.540933e-01	1.362903e+00
7.188480e-01	-8.540936e-01	1.362281e+00
7.202202e-01	-8.540938e-01	1.361634e+00
7.215923e-01	-8.540941e-01	1.360962e+00
7.229645e-01	-8.540943e-01	1.360264e+00
7.243367e-01	-8.540946e-01	1.359542e+00
7.257088e-01	-8.540949e-01	1.358795e+00
7.270810e-01	-8.540951e-01	1.358023e+00
7.284532e-01	-8.540954e-01	1.357226e+00
7.298253e-01	-8.540956e-01	1.356404e+00
7.311975e-01	-8.540959e-01	1.355558e+00
7.325697e-01	-8.540961e-01	1.354686e+00
7.339418e-01	-8.540964e-01	1.353791e+00
7.353140e-01	-8.540966e-01	1.352870e+00
7.366862e-01	-8.540969e-01	1.351925e+00
7.380584e-01	-8.540971e-01	1.350955e+00
7.394305e-01	-8.540974e-01	1.349961e+00
7.408027e-01	-8.540976e-01	1.348943e+00
7.421749e-01	-8.540979e-01	1.347900e+00
7.435470e-01	-8.540981e-01	1.346832e+00
7.449192e-01	-8.540984e-01	1.345741e+00
7.462914e-01	-8.540986e-01	1.344625e+00
7.476635e-01	-8.540989e-01	1.343486e+00
7.490357e-01	-8.540991e-01	1.342322e+00
7.504079e-01	-8.540994e-01	1.341134e+00
7.517800e-01	-8.540996e-01	1.339922e+00
7.531522e-01	-8.540999e-01	1.338687e+00
7.545244e-01	-8.541001e-01	1.337427e+00
7.558965e-01	-8.541004e-01	1.336144e+00
7.572687e-01	-8.541006e-01	1.334837e+00
7.586409e-01	-8.541009e-01	1.333506e+00
7.600130e-01	-8.541011e-01	1.332152e+00
7.613852e-01	-8.541014e-01	1.330775e+00
7.627574e-01	-8.541016e-01	1.329374e+00
7.641296e-01	-8.541019e-01	1.327949e+00
7.655017e-01	-8.541021e-01	1.326502e+00
7.668739e-01	-8.541024e-01	1.325031e+00
7.682461e-01	-8.541026e-01	1.323537e+00
7.696182e-01	-8.541029e-01	1.322020e+00
7.709904e-01	-8.541031e-01	1.320480e+00
7.723626e-01	-8.541034e-01	1.318917e+00
7.737347e-01	-8.541036e-01	1.317331e+00
7.751069e-01	-8.541039e-01	1.315722e+00
7.764791e-01	-8.541041e-01	1.314091e+00
7.778512e-01	-8.541044e-01	1.312437e+00
7.792234e-01	-8.541046e-01	1.310761e+00
7.805956e-01	-8.541049e-01	1.309062e+00
7.819677e-01	-8.541051e-01	1.307340e+00
7.833399e-01	-8.541054e-01	1.305597e+00
7.847121e-01	-8.541056e-01	1.303831e+00
7.860842e-01	-8.541059e-01	1.302043e+00
7.874564e-01	-8.541061e-01	1.300233e+00
7.888286e-01	-8.541064e-01	1.298402e+00
7.902008e-01	-8.541066e-01	1.296548e+00
7.915729e-01	-8.541069e-01	1.294672e+00
7.929451e-01	-8.541071e-01	1.292775e+00
7.943173e-01	-8.541074e-01	1.290856e+00
7.956894e-01	-8.541076e-01	1.288916e+00
7.970616e-01	-8.541079e-01	1.286954e+00
7.984338e-01	-8.541081e-01	1.284971e+00
7.998059e-01	-8.541084e-01	1.282967e+00
8.011781e-01	-8.541086e-01	1.280942e+00
8.025503e-01	-8.541088e-01	1.278895e+00
8.039224e-01	-8.541091e-01	1.276828e+00
8.052946e-01	-8.541093e-01	1.274739e+00
8.066668e-01	-8.541096e-01	1.272630e+00
8.080389e-01	-8.541098e-01	1.270500e+00
8.094111e-01	-8.541101e-01	1.268350e+00
8.107833e-01	-8.541103e-01	1.266179e+00
8.121554e-01	-8.541106e-01	1.263988e+00
8.135276e-01	-8.541108e-01	1.261776e+00
8.148998e-01	-8.541111e-01	1.259545e+00
8.162720e-01	-8.541113e-01	1.257293e+00
8.176441e-01	-8.541116e-01	1.255021e+00
8.190163e-01	-8.541118e-01	1.252729e+00
8.203885e-01	-8.541121e-01	1.250418e+00
8.217606e-01	-8.541123e-01	1.248087e+00
8.231328e-01	-8.541126e-01	1.245736e+00
8.245050e-01	-8.541128e-01	1.243366e+00
8.258771e-01	-8.541131e-01	1.240976e+00
8.272493e-01	-8.541133e-01	1.238567e+00
8.286215e-01	-8.541136e-01	1.236139e+00
8.299936e-01	-8.541138e-01	1.233692e+00
8.313658e-01	-8.541141e-01	1.231226e+00
8.327380e-01	-8.541143e-01	1.228742e+00
8.341101e-01	-8.541146e-01	1.226238e+00
8.354823e-01	-8.541149e-01	1.223716e+00
8.368545e-01	-8.541151e-01	1.221175e+00
8.382267e-01	-8.541154e-01	1.218616e+00
8.395988e-01	-8.541156e-01	1.216039e+00
8.409710e-01	-8.541159e-01	1.213443e+00
8.423432e-01	-8.541161e-01	1.210830e+00
8.437153e-01	-8.541164e-01	1.208198e+00
8.450875e-01	-8.541166e-01	1.205549e+00
8.464597e-01	-8.541169e-01	1.202882e+00
8.478318e-01	-8.541171e-01	1.200197e+00
8.492040e-01	-8.541174e-01	1.197495e+00
8.505762e-01	-8.541176e-01	1.194776e+00
8.519483e-01	-8.541179e-01	1.192039e+00
8.533205e-01	-8.541181e-01	1.189285e+00
8.546927e-01	-8.541184e-01	1.186514e+00
8.560648e-01	-8.541186e-01	1.183727e+00
8.574370e-01	-8.541189e-01	1.180922e+00
8.588092e-01	-8.541192e-01	1.178101e+00
8.601813e-01	-8.541194e-01	1.175263e+00
8.615535e-01	-8.541197e-01	1.172409e+00
8.629257e-01	-8.541199e-01	1.169539e+00
8.642979e-01	-8.541202e-01	1.166652e+00
8.656700e-01	-8.541204e-01	1.163750e+00
8.670422e-01	-8.541207e-01	1.160831e+00
8.684144e-01	-8.541210e-01	1.157897e+00
8.697865e-01	-8.541212e-01	1.154947e+00
8.711587e-01	-8.541215e-01	1.151981e+00
8.725309e-01	-8.541217e-01	1.149000e+00
8.739030e-01	-8.541220e-01	1.146004e+00
8.752752e-01	-8.541222e-01	1.142992e+00
8.766474e-01	-8.541225e-01	1.139966e+00
8.780195e-01	-8.541228e-01	1.136924e+00
8.793917e-01	-8.541230e-01	1.133868e+00
8.807639e-01	-8.541233e-01	1.130797e+00
8.821360e-01	-8.541235e-01	1.127711e+00
8.835082e-01	-8.541238e-01	1.124611e+00
8.848804e-01	-8.541241e-01	1.121497e+00
8.862525e-01	-8.541243e-01	1.118369e+00
8.876247e-01	-8.541246e-01	1.115226e+00
8.889969e-01	-8.541248e-01	1.112070e+00
8.903691e-01	-8.541251e-01	1.108900e+00
8.917412e-01	-8.541254e-01	1.105716e+00
8.931134e-01	-8.541256e-01	1.102519e+00
8.944856e-01	-8.541259e-01	1.099309e+00
8.958577e-01	-8.541262e-01	1.096085e+00
8.972299e-01	-8.541264e-01	1.092848e+00
8.986021e-01	-8.541267e-01	1.089598e+00
8.999742e-01	-8.541269e-01	1.086335e+00
9.013464e-01	-8.541272e-01	1.083060e+00
9.027186e-01	-8.541275e-01	1.079772e+00
9.040907e-01	-8.541277e-01	1.076472e+00
9.054629e-01	-8.541280e-01	1.073159e+00
9.068351e-01	-8.541283e-01	1.069834e+00
9.082072e-01	-8.541285e-01	1.066497e+00
9.095794e-01	-8.541288e-01	1.063148e+00
9.109516e-01	-8.541291e-01	1.059787e+00
9.123237e-01	-8.541293e-01	1.056415e+00
9.136959e-01	-8.541296e-01	1.053031e+00
9.150681e-01	-8.541299e-01	1.049636e+00
9.164403e-01	-8.541302e-01	1.046230e+00
9.178124e-01	-8.541304e-01	1.042813e+00
9.191846e-01	-8.541307e-01	1.039384e+00
9.205568e-01	-8.541310e-01	1.035945e+00
9.219289e-01	-8.541312e-01	1.032495e+00
9.233011e-01	-8.541315e-01	1.029035e+00
9.246733e-01	-8.541318e-01	1.025564e+00
9.260454e-01	-8.541321e-01	1.022083e+00
9.274176e-01	-8.541323e-01	1.018592e+00
9.287898e-01	-8.541326e-01	1.015091e+00
9.301619e-01	-8.541329e-01	1.011580e+00
9.315341e-01	-8.541332e-01	1.008059e+00
9.329063e-01	-8.541334e-01	1.004529e+00
9.342784e-01	-8.541337e-01	1.000989e+00
9.356506e-01	-8.541340e-01	9.974403e-01
9.370228e-01	-8.541343e-01	9.938823e-01
9.383950e-01	-8.541345e-01	9.903152e-01
9.397671e-01	-8.541348e-01	9.867393e-01
9.411393e-01	-8.541351e-01	9.831546e-01
9.425115e-01	-8.541354e-01	9.795613e-01
9.438836e-01	-8.541357e-01	9.759597e-01
9.452558e-01	-8.541359e-01	9.723497e-01
9.466280e-01	-8.541362e-01	9.687315e-01
9.480001e-01	-8.541365e-01	9.651054e-01
9.493723e-01	-8.541368e-01	9.614713e-01
9.507445e-01	-8.541371e-01	9.578296e-01
9.521166e-01	-8.541374e-01	9.541802e-01
9.534888e-01	-8.541376e-01	9.505234e-01
9.548610e-01	-8.541379e-01	9.468593e-01
9.562331e-01	-8.541382e-01	9.431880e-01
9.576053e-01	-8.541385e-01	9.395097e-01
9.589775e-01	-8.541388e-01	9.358244e-01
9.603496e-01	-8.541391e-01	9.321325e-01
9.617218e-01	-8.541394e-01	9.284339e-01
9.630940e-01	-8.541397e-01	9.247289e-01
9.644662e-01	-8.541399e-01	9.210176e-01
9.658383e-01	-8.541402e-01	9.173001e-01
9.672105e-01	-8.541405e-01	9.135765e-01
9.685827e-01	-8.541408e-01	9.098471e-01
9.699548e-01	-8.541411e-01	9.061119e-01
9.713270e-01	-8.541414e-01	9.023711e-01
9.726992e-01	-8.541417e-01	8.986249e-01
9.740713e-01	-8.541420e-01	8.948733e-01
9.754435e-01	-8.541423e-01	8.911165e-01
9.768157e-01	-8.541426e-01	8.873547e-01
9.781878e-01	-8.541429e-01	8.835880e-01
9.795600e-01	-8.541432e-01	8.798165e-01
9.809322e-01	-8.541435e-01	8.760404e-01
9.823043e-01	-8.541438e-01	8.722599e-01
9.836765e-01	-8.541441e-01	8.684750e-01
9.850487e-01	-8.541444e-01	8.646859e-01
9.864208e-01	-8.541447e-01	8.608928e-01
9.877930e-01	-8.541450e-01	8.570958e-01
9.891652e-01	-8.541453e-01	8.532950e-01
9.905374e-01	-8.541456e-01	8.494905e-01
9.919095e-01	-8.541459e-01	8.456826e-01
9.932817e-01	-8.541462e-01	8.418714e-01
9.946539e-01	-8.541465e-01	8.380569e-01
9.960260e-01	-8.541468e-01	8.342394e-01
9.973982e-01	-8.541471e-01	8.304190e-01
9.987704e-01	-8.541475e-01	8.265957e-01
1.000143e+00	-8.541478e-01	8.227699e-01
1.001515e+00	-8.541481e-01	8.189415e-01
1.002887e+00	-8.541484e-01	8.151108e-01
1.004259e+00	-8.541487e-01	8.112779e-01
1.005631e+00	-8.541490e-01	8.074429e-01
1.007003e+00	-8.541493e-01	8.036059e-01
1.008376e+00	-8.541497e-01	7.997671e-01
1.009748e+00	-8.541500e-01	7.959267e-01
1.011120e+00	-8.541503e-01	7.920848e-01
1.012492e+00	-8.541506e-01	7.882414e-01
1.013864e+00	-8.541509e-01	7.843969e-01
1.015236e+00	-8.541513e-01	7.805512e-01
1.016609e+00	-8.541516e-01	7.767045e-01
1.017981e+00	-8.541519e-01	7.728570e-01
1.019353e+00	-8.541522e-01	7.690088e-01
1.020725e+00	-8.541526e-01	7.651601e-01
1.022097e+00	-8.541529e-01	7.613110e-01
1.023469e+00	-8.541532e-01	7.574615e-01
1.024842e+00	-8.541535e-01	7.536119e-01
1.026214e+00	-8.541539e-01	7.497623e-01
1.027586e+00	-8.541542e-01	7.459129e-01
1.028958e+00	-8.541545e-01	7.420637e-01
1.030330e+00	-8.541549e-01	7.382148e-01
1.031702e+00	-8.541552e-01	7.343666e-01
1.033075e+00	-8.541555e-01	7.305190e-01
1.034447e+00	-8.541559e-01	7.266721e-01
1.035819e+00	-8.541562e-01	7.228263e-01
1.037191e+00	-8.541565e-01	7.189815e-01
1.038563e+00	-8.541569e-01	7.151379e-01
1.039935e+00	-8.541572e-01	7.112956e-01
1.041308e+00	-8.541576e-01	7.074548e-01
1.042680e+00	-8.541579e-01	7.036156e-01
1.044052e+00	-8.541583e-01	6.997782e-01
1.045424e+00	-8.541586e-01	6.959426e-01
1.046796e+00	-8.541590e-01	6.921090e-01
1.048168e+00	-8.541593e-01	6.882776e-01
1.049541e+00	-8.541597e-01	6.844484e-01
1.050913e+00	-8.541600e-01	6.806216e-01
1.052285e+00	-8.541604e-01	6.767973e-01
1.053657e+00	-8.541607e-01	6.729757e-01
1.055029e+00	-8.541611e-01	6.691568e-01
1.056401e+00	-8.541614e-01	6.653409e-01
1.057774e+00	-8.541618e-01	6.615280e-01
1.059146e+00	-8.541621e-01	6.577182e-01
1.060518e+00	-8.541625e-01	6.539118e-01
1.061890e+00	-8.541629e-01	6.501088e-01
1.063262e+00	-8.541632e-01	6.463093e-01
1.064634e+00	-8.541636e-01	6.425135e-01
1.066007e+00	-8.541640e-01	6.387215e-01
1.067379e+00	-8.541643e-01	6.349334e-01
1.068751e+00	-8.541647e-01	6.311494e-01
1.070123e+00	-8.541651e-01	6.273695e-01
1.071495e+00	-8.541654e-01	6.235940e-01
1.072867e+00	-8.541658e-01	6.198228e-01
1.074240e+00	-8.541662e-01	6.160563e-01
1.075612e+00	-8.541666e-01	6.122943e-01
1.076984e+00	-8.541670e-01	6.085372e-01
1.078356e+00	-8.541673e-01	6.047850e-01
1.079728e+00	-8.541677e-01	6.010378e-01
1.081100e+00	-8.541681e-01	5.972957e-01
1.082473e+00	-8.541685e-01	5.935590e-01
1.083845e+00	-8.541689e-01	5.898276e-01
1.085217e+00	-8.541693e-01	5.861017e-01
1.086589e+00	-8.541697e-01	5.823815e-01
1.087961e+00	-8.541700e-01	5.786670e-01
1.089333e+00	-8.541704e-01	5.749584e-01
1.090706e+00	-8.541708e-01	5.712558e-01
1.092078e+00	-8.541712e-01	5.675592e-01
1.093450e+00	-8.541716e-01	5.638689e-01
1.094822e+00	-8.541720e-01	5.601849e-01
1.096194e+00	-8.541724e-01	5.565074e-01
1.097566e+00	-8.541728e-01	5.528364e-01
1.098939e+00	-8.541732e-01	5.491721e-01
1.100311e+00	-8.541737e-01	5.455145e-01
1.101683e+00	-8.541741e-01	5.418639e-01
1.103055e+00	-8.541745e-01	5.382202e-01
1.104427e+00	-8.541749e-01	5.345837e-01
1.105800e+00	-8.541753e-01	5.309544e-01
1.107172e+00	-8.541757e-01	5.273325e-01
1.108544e+00	-8.541761e-01	5.237180e-01
1.109916e+00	-8.541766e-01	5.201111e-01
1.111288e+00	-8.541770e-01	5.165118e-01
1.112660e+00	-8.541774e-01	5.129203e-01
1.114033e+00	-8.541778e-01	5.093367e-01
1.115405e+00	-8.541783e-01	5.057611e-01
1.116777e+00	-8.541787e-01	5.021935e-01
1.118149e+00	-8.541791e-01	4.986342e-01
1.119521e+00	-8.541796e-01	4.950832e-01
1.120893e+00	-8.541800e-01	4.915405e-01
1.122266e+00	-8.541804e-01	4.880064e-01
1.123638e+00	-8.541809e-01	4.844809e-01
1.125010e+00	-8.541813e-01	4.809641e-01
1.126382e+00	-8.541818e-01	4.774561e-01
1.127754e+00	-8.541822e-01	4.739570e-01
1.129126e+00	-8.541827e-01	4.704669e-01
1.130499e+00	-8.541831e-01	4.669860e-01
1.131871e+00	-8.541836e-01	4.635142e-01
1.133243e+00	-8.541840e-01	4.600518e-01
1.134615e+00	-8.541845e-01	4.565987e-01
1.135987e+00	-8.541850e-01	4.531552e-01
1.137359e+00	-8.541854e-01	4.497213e-01
1.138732e+00	-8.541859e-01	4.462970e-01
1.140104e+00	-8.541864e-01	4.428825e-01
1.141476e+00	-8.541868e-01	4.394779e-01
1.142848e+00	-8.541873e-01	4.360833e-01
1.144220e+00	-8.541878e-01	4.326987e-01
1.145592e+00	-8.541883e-01	4.293243e-01
1.146965e+00	-8.541887e-01	4.259602e-01
1.148337e+00	-8.541892e-01	4.226063e-01
1.149709e+00	-8.541897e-01	4.192629e-01
1.151081e+00	-8.541902e-01	4.159300e-01
1.152453e+00	-8.541907e-01	4.126077e-01
1.153825e+00	-8.541912e-01	4.092961e-01
1.155198e+00	-8.541917e-01	4.059952e-01
1.156570e+00	-8.541922e-01	4.027052e-01
1.157942e+00	-8.541927e-01	3.994261e-01
1.159314e+00	-8.541932e-01	3.961581e-01
1.160686e+00	-8.541937e-01	3.929011e-01
1.162058e+00	-8.541942e-01	3.896554e-01
1.163431e+00	-8.541947e-01	3.864209e-01
1.164803e+00	-8.541953e-01	3.831977e-01
1.166175e+00	-8.541958e-01	3.799860e-01
1.167547e+00	-8.541963e-01	3.767858e-01
1.168919e+00	-8.541968e-01	3.735972e-01
1.170291e+00	-8.541974e-01	3.704202e-01
1.171664e+00	-8.541979e-01	3.672550e-01
1.173036e+00	-8.541984e-01	3.641016e-01
1.174408e+00	-8.541990e-01	3.609600e-01
1.175780e+00	-8.541995e-01	3.578305e-01
1.177152e+00	-8.542001e-01	3.547130e-01
1.178524e+00	-8.542006e-01	3.516075e-01
1.179897e+00	-8.542012e-01	3.485143e-01
1.181269e+00	-8.542017e-01	3.454333e-01
1.182641e+00	-8.542023e-01	3.423646e-01
1.184013e+00	-8.542029e-01	3.393084e-01
1.185385e+00	-8.542034e-01	3.362645e-01
1.186757e+00	-8.542040e-01	3.332332e-01
1.188130e+00	-8.542046e-01	3.302145e-01
1.189502e+00	-8.542051e-01	3.272085e-01
1.190874e+00	-8.542057e-01	3.242152e-01
1.192246e+00	-8.542063e-01	3.212346e-01
1.193618e+00	-8.542069e-01	3.182669e-01
1.194990e+00	-8.542075e-01	3.153122e-01
1.196363e+00	-8.542081e-01	3.123703e-01
1.197735e+00	-8.542087e-01	3.094416e-01
1.199107e+00	-8.542093e-01	3.065259e-01
1.200479e+00	-8.542099e-01	3.036234e-01
1.201851e+00	-8.542105e-01	3.007341e-01
1.203223e+00	-8.542111e-01	2.978580e-01
1.204596e+00	-8.542117e-01	2.949953e-01
1.205968e+00	-8.542124e-01	2.921460e-01
1.207340e+00	-8.542130e-01	2.893101e-01
1.208712e+00	-8.542136e-01	2.864877e-01
1.210084e+00	-8.542143e-01	2.836788e-01
1.211456e+00	-8.542149e-01	2.808835e-01
1.212829e+00	-8.542156e-01	2.781019e-01
1.214201e+00	-8.542162e-01	2.753340e-01
1.215573e+00	-8.542169e-01	2.725798e-01
1.216945e+00	-8.542175e-01	2.698394e-01
1.218317e+00	-8.542182e-01	2.671128e-01
1.219689e+00	-8.542188e-01	2.644002e-01
1.221062e+00	-8.542195e-01	2.617014e-01
1.222434e+00	-8.542202e-01	2.590167e-01
1.223806e+00	-8.542209e-01	2.563459e-01
1.225178e+00	-8.542216e-01	2.536893e-01
1.226550e+00	-8.542223e-01	2.510467e-01
1.227923e+00	-8.542230e-01	2.484183e-01
1.229295e+00	-8.542237e-01	2.458041e-01
1.230667e+00	-8.542244e-01	2.432041e-01
1.232039e+00	-8.542251e-01	2.406184e-01
1.233411e+00	-8.542258e-01	2.380470e-01
1.234783e+00	-8.542265e-01	2.354899e-01
1.236156e+00	-8.542273e-01	2.329472e-01
1.237528e+00	-8.542280e-01	2.304190e-01
1.238900e+00	-8.542287e-01	2.279052e-01
1.240272e+00	-8.542295e-01	2.254058e-01
1.241644e+00	-8.542302e-01	2.229210e-01
1.243016e+00	-8.542310e-01	2.204507e-01
1.244389e+00	-8.542317e-01	2.179950e-01
1.245761e+00	-8.542325e-01	2.155539e-01
1.247133e+00	-8.542333e-01	2.131275e-01
1.248505e+00	-8.542341e-01	2.107157e-01
1.249877e+00	-8.542348e-01	2.083186e-01
1.251249e+00	-8.542356e-01	2.059362e-01
1.252622e+00	-8.542364e-01	2.035686e-01
1.253994e+00	-8.542372e-01	2.012157e-01
1.255366e+00	-8.542381e-01	1.988776e-01
1.256738e+00	-8.542389e-01	1.965544e-01
1.258110e+00	-8.542397e-01	1.942459e-01
1.259482e+00	-8.542405e-01	1.919523e-01
1.260855e+00	-8.542414e-01	1.896736e-01
1.262227e+00	-8.542422e-01	1.874098e-01
1.263599e+00	-8.542431e-01	1.851609e-01
1.264971e+00	-8.542439e-01	1.829269e-01
1.266343e+00	-8.542448e-01	1.807079e-01
1.267715e+00	-8.542457e-01	1.785038e-01
1.269088e+00	-8.542466e-01	1.763147e-01
1.270460e+00	-8.542474e-01	1.741406e-01
1.271832e+00	-8.542483e-01	1.719815e-01
1.273204e+00	-8.542492e-01	1.698374e-01
1.274576e+00	-8.542502e-01	1.677083e-01
1.275948e+00	-8.542511e-01	1.655943e-01
1.277321e+00	-8.542520e-01	1.634953e-01
1.278693e+00	-8.542529e-01	1.614113e-01
1.280065e+00	-8.542539e-01	1.593424e-01
1.281437e+00	-8.542548e-01	1.572885e-01
1.282809e+00	-8.542558e-01	1.552497e-01
1.284181e+00	-8.542568e-01	1.532260e-01
1.285554e+00	-8.542577e-01	1.512174e-01
1.286926e+00	-8.542587e-01	1.492238e-01
1.288298e+00	-8.542597e-01	1.472453e-01
1.289670e+00	-8.542607e-01	1.452819e-01
1.291042e+00	-8.542617e-01	1.433336e-01
1.292414e+00	-8.542628e-01	1.414003e-01
1.293787e+00	-8.542638e-01	1.394821e-01
1.295159e+00	-8.542648e-01	1.375790e-01
1.296531e+00	-8.542659e-01	1.356910e-01
1.297903e+00	-8.542670e-01	1.338180e-01
1.299275e+00	-8.542680e-01	1.319600e-01
1.300647e+00	-8.542691e-01	1.301172e-01
1.302020e+00	-8.542702e-01	1.282893e-01
1.303392e+00	-8.542713e-01	1.264765e-01
1.304764e+00	-8.542724e-01	1.246787e-01
1.306136e+00	-8.542736e-01	1.228960e-01
1.307508e+00	-8.542747e-01	1.211282e-01
1.308880e+00	-8.542758e-01	1.193754e-01
1.310253e+00	-8.542770e-01	1.176376e-01
1.311625e+00	-8.542782e-01	1.159148e-01
1.312997e+00	-8.542794e-01	1.142069e-01
1.314369e+00	-8.542806e-01	1.125139e-01
1.315741e+00	-8.542818e-01	1.108359e-01
1.317113e+00	-8.542830e-01	1.091727e-01
1.318486e+00	-8.542842e-01	1.075245e-01
1.319858e+00	-8.542855e-01	1.058911e-01
1.321230e+00	-8.542867e-01	1.042725e-01
1.322602e+00	-8.542880e-01	1.026688e-01
1.323974e+00	-8.542893e-01	1.010798e-01
1.325346e+00	-8.542906e-01	9.950568e-02
1.326719e+00	-8.542919e-01	9.794627e-02
1.328091e+00	-8.542932e-01	9.640159e-02
1.329463e+00	-8.542946e-01	9.487161e-02
1.330835e+00	-8.542959e-01	9.335631e-02
1.332207e+00	-8.542973e-01	9.185566e-02
1.333579e+00	-8.542987e-01	9.036963e-02
1.334952e+00	-8.543001e-01	8.889819e-02
1.336324e+00	-8.543015e-01	8.744132e-02
1.337696e+00	-8.543029e-01	8.599898e-02
1.339068e+00	-8.543044e-01	8.457114e-02
1.340440e+00	-8.543059e-01	8.315777e-02
1.341812e+00	-8.543073e-01	8.175883e-02
1.343185e+00	-8.543088e-01	8.037430e-02
1.344557e+00	-8.543104e-01	7.900414e-02
1.345929e+00	-8.543119e-01	7.764831e-02
1.347301e+00	-8.543135e-01	7.630677e-02
1.348673e+00	-8.543150e-01	7.497950e-02
1.350045e+00	-8.543166e-01	7.366644e-02
1.351418e+00	-8.543182e-01	7.236757e-02
1.352790e+00	-8.543199e-01	7.108283e-02
1.354162e+00	-8.543215e-01	6.981220e-02
1.355534e+00	-8.543232e-01	6.855563e-02
1.356906e+00	-8.543249e-01	6.731308e-02
1.358279e+00	-8.543266e-01	6.608450e-02
1.359651e+00	-8.543283e-01	6.486985e-02
1.361023e+00	-8.543301e-01	6.366909e-02
1.362395e+00	-8.543319e-01	6.248217e-02
1.363767e+00	-8.543337e-01	6.130904e-02
1.365139e+00	-8.543355e-01	6.014966e-02
1.366512e+00	-8.543373e-01	5.900399e-02
1.367884e+00	-8.543392e-01	5.787196e-02
1.369256e+00	-8.543411e-01	5.675353e-02
1.370628e+00	-8.543430e-01	5.564865e-02
1.372000e+00	-8.543450e-01	5.455728e-02
1.373372e+00	-8.543470e-01	5.347935e-02
1.374745e+00	-8.543490e-01	5.241482e-02
1.376117e+00	-8.543510e-01	5.136363e-02
1.377489e+00	-8.543530e-01	5.032573e-02
1.378861e+00	-8.543551e-01	4.930106e-02
1.380233e+00	-8.543572e-01	4.828957e-02
1.381605e+00	-8.543594e-01	4.729121e-02
1.382978e+00	-8.543616e-01	4.630590e-02
1.384350e+00	-8.543638e-01	4.533360e-02
1.385722e+00	-8.543660e-01	4.437425e-02
1.387094e+00	-8.543683e-01	4.342779e-02
1.388466e+00	-8.543706e-01	4.249415e-02
1.389838e+00	-8.543729e-01	4.157328e-02
1.391211e+00	-8.543753e-01	4.066512e-02
1.392583e+00	-8.543777e-01	3.976960e-02
1.393955e+00	-8.543801e-01	3.888665e-02
1.395327e+00	-8.543826e-01	3.801623e-02
1.396699e+00	-8.543852e-01	3.715825e-02
1.398071e+00	-8.543877e-01	3.631266e-02
1.399444e+00	-8.543903e-01	3.547939e-02
1.400816e+00	-8.543930e-01	3.465837e-02
1.402188e+00	-8.543956e-01	3.384954e-02
1.403560e+00	-8.543984e-01	3.305282e-02
1.404932e+00	-8.544011e-01	3.226815e-02
1.406304e+00	-8.544039e-01	3.149546e-02
1.407677e+00	-8.544068e-01	3.073468e-02
1.409049e+00	-8.544097e-01	2.998574e-02
1.410421e+00	-8.544127e-01	2.924856e-02
1.411793e+00	-8.544157e-01	2.852308e-02
1.413165e+00	-8.544187e-01	2.780922e-02
1.414537e+00	-8.544218e-01	2.710690e-02
1.415910e+00	-8.544250e-01	2.641606e-02
1.417282e+00	-8.544282e-01	2.573661e-02
1.418654e+00	-8.544315e-01	2.506849e-02
1.420026e+00	-8.544348e-01	2.441162e-02
1.421398e+00	-8.544382e-01	2.376591e-02
1.422770e+00	-8.544417e-01	2.313129e-02
1.424143e+00	-8.544452e-01	2.250769e-02
1.425515e+00	-8.544488e-01	2.189502e-02
1.426887e+00	-8.544525e-01	2.129321e-02
1.428259e+00	-8.544562e-01	2.070218e-02
1.429631e+00	-8.544600e-01	2.012184e-02
1.431003e+00	-8.544638e-01	1.955211e-02
1.432376e+00	-8.544678e-01	1.899291e-02
1.433748e+00	-8.544718e-01	1.844416e-02
1.435120e+00	-8.544759e-01	1.790578e-02
1.436492e+00	-8.544801e-01	1.737768e-02
1.437864e+00	-8.544843e-01	1.685978e-02
1.439236e+00	-8.544887e-01	1.635199e-02
1.440609e+00	-8.544931e-01	1.585423e-02
1.441981e+00	-8.544977e-01	1.536641e-02
1.443353e+00	-8.545023e-01	1.488845e-02
1.444725e+00	-8.545070e-01	1.442025e-02
1.446097e+00	-8.545119e-01	1.396174e-02
1.447469e+00	-8.545168e-01	1.351282e-02
1.448842e+00	-8.545219e-01	1.307340e-02
1.450214e+00	-8.545270e-01	1.264339e-02
1.451586e+00	-8.545323e-01	1.222271e-02
1.452958e+00	-8.545377e-01	1.181126e-02
1.454330e+00	-8.545432e-01	1.140896e-02
1.455702e+00	-8.545489e-01	1.101571e-02
1.457075e+00	-8.545547e-01	1.063141e-02
1.458447e+00	-8.545606e-01	1.025599e-02
1.459819e+00	-8.545666e-01	9.889337e-03
1.461191e+00	-8.545729e-01	9.531366e-03
1.462563e+00	-8.545792e-01	9.181982e-03
1.463935e+00	-8.545858e-01	8.841090e-03
1.465308e+00	-8.545925e-01	8.508595e-03
1.466680e+00	-8.545994e-01	8.184403e-03
1.468052e+00	-8.546064e-01	7.868416e-03
1.469424e+00	-8.546137e-01	7.560539e-03
1.470796e+00	-8.546211e-01	7.260675e-03
