0.620348
0.833119
0.866008
0.823949
0.611148
0.333438
0.651582
1.006583
0.850084
0.484851
0.779002
-1.698021
-1.761083
1.236868
-0.594885
-0.816983
0.858333
-1.933286
-1.733608
0.444967
-1.688288
0.795652
0.596574
-2.913841
-0.315430
-0.134765
-1.918076
1.103231
0.949800
-1.033850
-0.937392
0.133507
0.111261
-1.812064
-0.673224
-0.852782
-0.868608
0.427739
0.134266
-0.634907
-0.364952
0.996213
1.323279
-0.638821
0.554922
1.215144
-0.520542
0.716346
0.922725
-0.266161
-0.972495
0.831013
1.138639
-1.601023
-0.092173
0.758349
-0.924387
0.874223
0.872404
-0.655932
-1.097873
-0.070784
-0.549502
-2.424828
-0.887251
-0.777109
-1.431090
0.029860
-0.098941
-0.995336
-0.807021
-0.770640
-0.938441
-0.597533
-1.519853
-1.299263
-0.748855
-0.517688
-0.847106
-0.849487
-0.132306
-1.238315
-1.664661
0.051301
-0.952727
-0.774640
0.084083
-1.038644
-1.257997
0.024300
-1.456409
0.902035
1.346842
-2.193960
0.495545
-0.191140
-1.552144
1.788046
1.405769
-0.514475
-0.888251
0.584183
0.147136
-1.663899
-0.535899
-0.610939
-0.940967
0.718704
0.271542
-0.553217
-0.858488
-1.055162
-1.657425
-0.362023
-0.978355
-1.014142
-0.885387
-0.866108
-1.005436
-0.855495
-1.035030
-0.515206
-0.902418
-1.301251
-0.788832
-0.386706
0.653745
-1.713072
-1.137515
0.300946
0.408015
0.621942
-0.013390
0.504459
0.375275
-0.067902
-0.853877
0.603639
0.418026
-0.772726
1.298500
1.022541
0.765932
1.163912
0.657012
-0.031377
-1.684734
1.317584
1.107316
-0.568598
0.852604
0.616755
0.700275
0.892815
0.811242
0.016826
-1.487396
0.578924
0.566089
-0.851832
-0.508840
-0.974651
0.408154
-0.127324
-0.822449
-0.453028
-1.098516
-0.085737
-1.021943
-0.986531
1.277905
2.032697
1.403095
1.648158
0.992480
-0.223248
-1.899589
1.877064
2.034792
-1.257356
1.082437
0.973727
0.874989
0.705494
-0.228850
-0.309589
-0.986587
1.430329
1.021254
-0.417321
-0.472931
-0.451567
-0.119653
-0.069051
-1.328963
-0.939297
-0.947554
-0.400385
-0.597927
-1.014669
0.277106
0.597681
0.426687
0.719889
-0.103879
-0.569922
-0.950454
0.236527
0.422897
-1.124446
-0.147477
-0.310013
0.062717
-0.094545
-1.045850
-1.253867
-1.142468
-0.190987
-0.598167
-1.061296
-0.012352
-0.067974
0.278188
0.700875
-0.387954
-1.045721
-1.037813
0.234541
-0.209206
-1.723633
-0.649975
-0.816854
-1.193774
-0.510047
-1.394355
0.408948
-0.535412
-1.118906
-0.470824
-0.912194
-0.377241
-0.010176
-0.862771
0.038651
-1.057837
-0.388747
0.351990
-0.012242
0.215123
-0.872210
-0.429683
-0.432289
-1.052739
0.323933
-0.791902
-0.392090
0.072943
-0.303789
0.057954
-0.727796
-0.057514
-0.059232
-0.220978
-0.710493
-0.598720
0.018131
-1.026536
-0.490130
-1.169468
-1.050240
0.228531
-0.638392
-0.076412
0.809044
-1.564512
-0.855923
1.102789
0.422146
1.335729
-0.053627
0.101672
-0.068207
0.216675
0.778837
-0.918651
-1.106611
0.414410
0.516552
0.389000
0.342003
0.408704
-0.094263
0.178782
0.744843
-1.152326
-0.166721
0.686620
0.728229
1.566727
0.419441
-0.532923
-0.021123
0.080580
-0.437331
-0.591741
0.190488
-0.296002
-0.371358
-0.300582
-0.438114
-0.585687
-0.682577
-1.165302
-0.521069
-0.504327
0.391105
-0.118146
-0.782731
-0.840245
-1.048607
0.051717
0.333598
0.231272
0.461795
-0.219437
-0.074942
0.277503
0.209572
0.144354
0.671500
0.526982
0.037710
0.975173
0.682713
-0.475877
0.380156
0.653083
0.644397
0.838132
0.694409
0.831740
0.119635
0.098243
0.353513
-1.452359
-0.414982
-0.516728
-0.403560
-0.621274
0.949644
0.783516
0.564233
0.659077
-0.840506
-0.839184
-0.627585
0.871701
0.114128
-0.366412
-0.766698
0.277325
0.041369
-0.835984
0.659463
0.344942
0.857249
-0.075092
-0.226920
0.197111
0.730603
-0.110575
-0.267277
0.277908
-1.286350
-0.277603
-1.102186
-0.351910
-0.504676
-0.257712
-1.035996
0.024906
0.142771
0.410932
-1.465797
-0.522899
-1.126289
0.208337
0.465620
-0.246954
-0.968377
0.109129
0.016890
0.065904
-0.973751
-0.502485
-1.199375
0.182840
0.335383
0.003016
-1.022666
-1.110639
-0.862332
-0.160326
-0.274340
-0.090264
-0.217278
-0.646707
-0.922414
0.636839
-0.192412
-0.273504
-0.592327
-0.978018
0.060272
-0.300595
0.175826
-1.075255
-0.290624
0.255612
0.315335
0.065663
0.015359
-0.066307
1.307895
-0.455734
1.341117
0.302026
-0.371693
-0.176527
0.738547
-0.557851
-0.204336
-0.634759
-0.428756
0.131636
-0.133596
-0.415298
0.034397
0.417290
-0.114562
0.723718
0.934663
1.216600
0.295355
0.349128
0.167798
0.719507
1.036684
-1.034269
-0.389882
-2.183600
-1.409744
-0.716237
-3.132563
-3.420620
-2.273589
-0.264004
-1.689485
-3.992451
-0.864200
0.169220
-1.796029
-0.035332
0.321101
-0.061477
0.040413
0.012674
-0.387761
0.123061
0.166928
-0.711755
-0.930227
-0.239283
-0.500340
-0.513153
-0.124448
-0.279414
-0.594338
-0.504541
-0.936658
0.381060
-1.160858
-0.825636
-0.436939
-0.419634
-0.141824
0.168823
-0.023999
0.303048
-0.238677
-0.018379
0.362262
0.003493
1.212779
0.851950
0.640708
0.848197
0.783398
1.014166
0.112137
0.498835
-0.442861
-0.020873
-0.118083
-0.046875
-0.194652
-1.017165
-0.494994
0.167894
0.180464
-0.388231
-0.859001
0.000774
-0.521719
-0.438190
-0.363084
0.040921
-0.580577
-0.806648
-0.551199
-0.846489
-1.092086
-0.125278
-0.561726
-0.509206
-0.660443
-0.475614
-0.879887
-0.783614
-0.880564
0.744610
-0.107861
0.782357
1.127636
0.890155
0.551432
0.149365
0.167637
0.342258
0.269533
-0.134265
-1.127992
0.407791
-0.380402
0.016681
-0.131441
-0.157851
-0.606479
-0.071897
-0.297020
-0.307363
-0.959364
-0.240021
-0.429907
-0.731513
-0.527282
-0.343018
-0.878465
-0.935453
-1.064620
-0.879229
-0.318648
-1.024446
0.197909
-0.715537
-0.006747
0.001015
-2.016439
-0.062475
-0.163214
0.037062
0.011572
0.024301
-0.393669
0.143283
-0.036899
-0.064944
-0.171608
0.038409
-0.069706
-0.443706
